@
id
name
volt
node
V
Ang
off
V_meas
Ang_meas
nd
bs
island
v_max
v_min
describe
//
序号
母线名
电压等级
所在拓扑节点
电压
相角
停运标志
电压量测
相角量测
物理节点
计算节点
电气岛
电压上限
电压下限
描述
#
1
宁夏.固原变.宁夏.固原变/330kV.330kVII母
363
宁夏.固原变.363.1
355.413
-4.47965
0
354.234
0
33014001
2
1
363
330
宁夏.固原变/330kV.330kVII母
#
2
宁夏.固原变.宁夏.固原变/330kV.330kVI母
363
宁夏.固原变.363.1
355.413
-4.47965
0
353.906
0
33014002
2
1
363
330
宁夏.固原变/330kV.330kVI母
#
3
宁夏.固原变.宁夏.固原变/110kV.110kVII母线
121
宁夏.固原变.121.2
114.125
-5.9431
0
115.154
0
33008040
3
1
117.17
106.7
宁夏.固原变/110kV.110kVII母线
#
4
宁夏.固原变.宁夏.固原变/110kV.110kVI母线
121
宁夏.固原变.121.2
114.125
-5.9431
0
115.083
0
33008041
3
1
117.17
106.7
宁夏.固原变/110kV.110kVI母线
#
5
宁夏.固原变.宁夏.固原变/35kV.35kVI母线
38
宁夏.固原变.38.2
30.2907
-7.35503
0
0
0
33015042
1196
1
38.2
35
宁夏.固原变/35kV.35kVI母线
#
6
宁夏.固原变.宁夏.固原变/35kV.35kVII母线
38
宁夏.固原变.38.1
30.2743
-7.30042
0
32.6204
0
33015043
4
1
38.2
35
宁夏.固原变/35kV.35kVII母线
#
7
宁夏.清水河变.宁夏.清水河变/330kV.330kVI母
363
宁夏.清水河变.363.2
355.583
-4.19872
0
354.487
0
132014109
7
1
363
330
宁夏.清水河变/330kV.330kVI母
#
8
宁夏.清水河变.宁夏.清水河变/330kV.330kVII母
363
宁夏.清水河变.363.2
355.583
-4.19872
0
354.55
0
132014110
7
1
363
330
宁夏.清水河变/330kV.330kVII母
#
9
宁夏.清水河变.宁夏.清水河变/110kV.110kVI母线
121
宁夏.清水河变.121.2
115.903
-4.72531
0
114.862
0
132008001
8
1
0
0
宁夏.清水河变/110kV.110kVI母线
#
10
宁夏.清水河变.宁夏.清水河变/110kV.110kVII母线
121
宁夏.清水河变.121.2
115.903
-4.72531
0
114.842
0
132008002
8
1
0
0
宁夏.清水河变/110kV.110kVII母线
#
11
宁夏.清水河变.宁夏.清水河变/110kV.110kVⅢ母线
121
宁夏.清水河变.121.2
115.903
-4.72531
0
114.951
0
132008004
8
1
0
0
宁夏.清水河变/110kV.110kVⅢ母线
#
12
宁夏.清水河变.宁夏.清水河变/35kV.35kVI母线
38
宁夏.清水河变.38.2
32.9992
-4.78597
0
32.9793
0
132015003
9
1
37.45
33.95
宁夏.清水河变/35kV.35kVI母线
#
13
宁夏.清水河变.宁夏.清水河变/35kV.35kVII母线
38
宁夏.清水河变.38.3
32.972
-4.72597
0
32.8551
0
132015005
10
1
37.45
33.95
宁夏.清水河变/35kV.35kVII母线
#
14
宁夏.六盘山热电厂.宁夏.六盘山热电厂/330kV.330kVII母
363
宁夏.六盘山热电厂.363.2
355.907
-3.89536
0
356.329
0
143014001
23
1
363
330
宁夏.六盘山热电厂/330kV.330kVII母
#
15
宁夏.六盘山热电厂.宁夏.六盘山热电厂/330kV.330kVI母
363
宁夏.六盘山热电厂.363.2
355.907
-3.89536
0
356.329
0
143014002
23
1
363
330
宁夏.六盘山热电厂/330kV.330kVI母
#
16
宁夏.灵武电厂.宁夏.灵武电厂/330kV.330kVII母
363
宁夏.灵武电厂.363.2
355.182
0.262495
0
354.812
0
45014001
31
1
363
330
宁夏.灵武电厂/330kV.330kVII母
#
17
宁夏.灵武电厂.宁夏.灵武电厂/330kV.330kVI母
363
宁夏.灵武电厂.363.2
355.182
0.262495
0
354.98
0
45014002
31
1
363
330
宁夏.灵武电厂/330kV.330kVI母
#
18
宁夏.灵州电厂.宁夏.灵州电厂/220kV.220kVII母线
242
宁夏.灵州电厂.242.2
233.939
-4.13482
0
233.46
0
46012001
42
1
242
220
宁夏.灵州电厂/220kV.220kVII母线
#
19
宁夏.灵州电厂.宁夏.灵州电厂/220kV.220kVI母线
242
宁夏.灵州电厂.242.2
233.939
-4.13482
0
233.266
0
46012002
42
1
242
220
宁夏.灵州电厂/220kV.220kVI母线
#
20
宁夏.马莲台电厂.宁夏.马莲台电厂/330kV.330kVII母
363
宁夏.马莲台电厂.363.2
352.438
-0.736759
0
352.98
0
51014001
49
1
363
330
宁夏.马莲台电厂/330kV.330kVII母
#
21
宁夏.马莲台电厂.宁夏.马莲台电厂/330kV.330kVI母
363
宁夏.马莲台电厂.363.2
352.438
-0.736759
0
354.32
0
51014002
49
1
363
330
宁夏.马莲台电厂/330kV.330kVI母
#
22
宁夏.甜水河变.宁夏.甜水河变/330kV.330kVII母
363
宁夏.甜水河变.363.2
354.175
-0.0979629
0
353.731
0
74014001
57
1
363
330
宁夏.甜水河变/330kV.330kVII母
#
23
宁夏.甜水河变.宁夏.甜水河变/330kV.330kVI母
363
宁夏.甜水河变.363.2
354.175
-0.0979629
0
353.374
0
74014002
57
1
363
330
宁夏.甜水河变/330kV.330kVI母
#
24
宁夏.甜水河变.宁夏.甜水河变/110kV.110kVII母线
121
宁夏.甜水河变.121.2
116.253
0.44485
0
115.91
0
74008050
59
1
117.17
106.7
宁夏.甜水河变/110kV.110kVII母线
#
25
宁夏.甜水河变.宁夏.甜水河变/110kV.110kVI母线
121
宁夏.甜水河变.121.2
116.253
0.44485
0
115.962
0
74008051
59
1
117.17
106.7
宁夏.甜水河变/110kV.110kVI母线
#
26
宁夏.甜水河变.宁夏.甜水河变/35kV.35kVII母线
38
宁夏.甜水河变.38.2
33.0393
0.206985
0
0
0
74015052
62
1
37.45
33.95
宁夏.甜水河变/35kV.35kVII母线
#
27
宁夏.甜水河变.宁夏.甜水河变/35kV.35kVI母线
38
宁夏.甜水河变.38.3
33.0221
0.583692
0
32.923
0
74015053
63
1
37.45
33.95
宁夏.甜水河变/35kV.35kVI母线
#
28
宁夏.徐家庄变.宁夏.徐家庄变/330kV.330kVII母
363
宁夏.徐家庄变.363.2
352.424
-0.775805
0
350.818
0
85014085
71
1
363
330
宁夏.徐家庄变/330kV.330kVII母
#
29
宁夏.徐家庄变.宁夏.徐家庄变/330kV.330kVI母
363
宁夏.徐家庄变.363.2
352.424
-0.775805
0
349.648
0
85014086
71
1
363
330
宁夏.徐家庄变/330kV.330kVI母
#
30
宁夏.徐家庄变.宁夏.徐家庄变/110kV.110kVII母线
121
宁夏.徐家庄变.121.2
115.628
-1.3364
0
114.299
0
85008001
75
1
117.17
106.7
宁夏.徐家庄变/110kV.110kVII母线
#
31
宁夏.徐家庄变.宁夏.徐家庄变/110kV.110kVI母线
121
宁夏.徐家庄变.121.2
115.628
-1.3364
0
114.492
0
85008002
75
1
117.17
106.7
宁夏.徐家庄变/110kV.110kVI母线
#
32
宁夏.徐家庄变.宁夏.徐家庄变/35kV.35kVII母线
38
宁夏.徐家庄变.38.3
33.3864
-1.38757
0
32.4705
0
85015003
1202
1
37.45
33.95
宁夏.徐家庄变/35kV.35kVII母线
#
33
宁夏.盐州变.宁夏.盐州变/330kV.330kVII母
363
宁夏.盐州变.363.2
352.315
0.431394
0
352.121
0
112014096
88
1
363
330
宁夏.盐州变/330kV.330kVII母
#
34
宁夏.盐州变.宁夏.盐州变/330kV.330kVI母
363
宁夏.盐州变.363.2
352.315
0.431394
0
352.229
0
112014097
88
1
363
330
宁夏.盐州变/330kV.330kVI母
#
35
宁夏.盐州变.宁夏.盐州变/110kV.110kVIB母线
121
宁夏.盐州变.121.2
117.956
0.231261
0
116.263
0
112008001
94
1
117.17
106.7
宁夏.盐州变/110kV.110kVIB母线
#
36
宁夏.盐州变.宁夏.盐州变/110kV.110kVII母线
121
宁夏.盐州变.121.2
117.956
0.231261
0
116.283
0
112008002
94
1
117.17
106.7
宁夏.盐州变/110kV.110kVII母线
#
37
宁夏.盐州变.宁夏.盐州变/110kV.110kVIA母线
121
宁夏.盐州变.121.2
117.956
0.231261
0
116.307
0
112008003
94
1
117.17
106.7
宁夏.盐州变/110kV.110kVIA母线
#
38
宁夏.宁东铝业变.宁夏.宁东铝业变/330kV.330kVIA母
363
宁夏.宁东铝业变.363.1
351.488
-1.08619
0
350.218
0
115014001
105
1
363
330
宁夏.宁东铝业变/330kV.330kVIA母
#
39
宁夏.宁东铝业变.宁夏.宁东铝业变/330kV.330kVIIA母
363
宁夏.宁东铝业变.363.1
351.488
-1.08619
0
350.078
0
115014002
105
1
363
330
宁夏.宁东铝业变/330kV.330kVIIA母
#
40
宁夏.宁东铝业变.宁夏.宁东铝业变/330kV.330kVIB母
363
宁夏.宁东铝业变.363.1
351.488
-1.08619
0
349
0
115014003
105
1
363
330
宁夏.宁东铝业变/330kV.330kVIB母
#
41
宁夏.宁东铝业变.宁夏.宁东铝业变/330kV.330kVIIB母
363
宁夏.宁东铝业变.363.1
351.488
-1.08619
0
349
0
115014004
105
1
363
330
宁夏.宁东铝业变/330kV.330kVIIB母
#
42
宁夏.灵武二期电厂.宁夏.灵武二期电厂/750kV.750kVII母
800
宁夏.灵武二期电厂.800.1
774.63
1.06104
0
772.502
0
147018001
106
1
800
750
宁夏.灵武二期电厂/750kV.750kVII母
#
43
宁夏.灵武二期电厂.宁夏.灵武二期电厂/750kV.750kVI母
800
宁夏.灵武二期电厂.800.1
774.63
1.06104
0
772.502
0
147018002
106
1
800
750
宁夏.灵武二期电厂/750kV.750kVI母
#
44
宁夏.鸳鸯湖电厂.宁夏.鸳鸯湖电厂/330kV.330kVII母
363
宁夏.鸳鸯湖电厂.363.2
354.209
0.238286
0
354.383
0
157014001
109
1
363
330
宁夏.鸳鸯湖电厂/330kV.330kVII母
#
45
宁夏.鸳鸯湖电厂.宁夏.鸳鸯湖电厂/330kV.330kVI母
363
宁夏.鸳鸯湖电厂.363.2
354.209
0.238286
0
354.111
0
157014002
109
1
363
330
宁夏.鸳鸯湖电厂/330kV.330kVI母
#
46
宁夏.蒋家南变.宁夏.蒋家南变/330kV.330kVII母
363
宁夏.蒋家南变.363.2
353.786
-0.0338095
0
353.667
0
158014001
120
1
363
330
宁夏.蒋家南变/330kV.330kVII母
#
47
宁夏.蒋家南变.宁夏.蒋家南变/330kV.330kVI母
363
宁夏.蒋家南变.363.2
353.786
-0.0338095
0
353.162
0
158014002
120
1
363
330
宁夏.蒋家南变/330kV.330kVI母
#
48
宁夏.蒋家南变.宁夏.蒋家南变/110kV.110kVII母线
121
宁夏.蒋家南变.121.2
116.832
-1.17589
0
116.228
0
158008060
121
1
121
110
宁夏.蒋家南变/110kV.110kVII母线
#
49
宁夏.蒋家南变.宁夏.蒋家南变/110kV.110kVIA母线
121
宁夏.蒋家南变.121.2
116.832
-1.17589
0
117.098
0
158008061
121
1
121
110
宁夏.蒋家南变/110kV.110kVIA母线
#
50
宁夏.蒋家南变.宁夏.蒋家南变/110kV.110kVIB母线
121
宁夏.蒋家南变.121.1
0
0
1
0
0
158008062
0
0
121
110
宁夏.蒋家南变/110kV.110kVIB母线
#
51
宁夏.蒋家南变.宁夏.蒋家南变/35kV.35kVI母线
38
宁夏.蒋家南变.38.3
33.7662
-1.2799
0
33.5564
0
158015063
1206
1
37.45
33.95
宁夏.蒋家南变/35kV.35kVI母线
#
52
宁夏.蒋家南变.宁夏.蒋家南变/35kV.35kVII母线
38
宁夏.蒋家南变.38.2
33.7664
-1.28012
0
33.5871
0
158015064
1205
1
37.45
33.95
宁夏.蒋家南变/35kV.35kVII母线
#
53
宁夏.京能宁东电厂.宁夏.京能宁东电厂/750kV.750kVII母
800
宁夏.京能宁东电厂.800.2
774.733
0.947367
0
774.136
0
162018001
131
1
800
750
宁夏.京能宁东电厂/750kV.750kVII母
#
54
宁夏.京能宁东电厂.宁夏.京能宁东电厂/750kV.750kVI母
800
宁夏.京能宁东电厂.800.2
774.733
0.947367
0
773.166
0
162018002
131
1
800
750
宁夏.京能宁东电厂/750kV.750kVI母
#
55
宁夏.国华宁东电厂.宁夏.国华宁东电厂/330kV.330kVII母
363
宁夏.国华宁东电厂.363.2
351.07
3.74502
0
354.337
0
164014001
134
1
363
330
宁夏.国华宁东电厂/330kV.330kVII母
#
56
宁夏.国华宁东电厂.宁夏.国华宁东电厂/330kV.330kVI母
363
宁夏.国华宁东电厂.363.2
351.07
3.74502
0
353.667
0
164014002
134
1
363
330
宁夏.国华宁东电厂/330kV.330kVI母
#
57
宁夏.临河红柳湾电厂.宁夏.临河红柳湾电厂/330kV.330kVII母
363
宁夏.临河红柳湾电厂.363.2
352.839
-0.664709
0
353.144
0
167014001
145
1
363
330
宁夏.临河红柳湾电厂/330kV.330kVII母
#
58
宁夏.临河红柳湾电厂.宁夏.临河红柳湾电厂/330kV.330kVI母
363
宁夏.临河红柳湾电厂.363.2
352.839
-0.664709
0
352.809
0
167014002
145
1
363
330
宁夏.临河红柳湾电厂/330kV.330kVI母
#
59
宁夏.麻黄山330变.宁夏.麻黄山330变/330kV.330kVI母
363
宁夏.麻黄山330变.363.1
352.33
1.46271
0
350.995
0
173014001
156
1
363
330
宁夏.麻黄山330变/330kV.330kVI母
#
60
宁夏.麻黄山330变.宁夏.麻黄山330变/110kV.110kVI母线
121
宁夏.麻黄山330变.121.2
116.695
2.68727
0
116.274
0
173008021
157
1
121
110
宁夏.麻黄山330变/110kV.110kVI母线
#
61
宁夏.麻黄山330变.宁夏.麻黄山330变/110kV.110kVII母线
121
宁夏.麻黄山330变.121.3
117.006
2.31784
0
0
0
173008023
158
1
0
0
宁夏.麻黄山330变/110kV.110kVII母线
#
62
宁夏.麻黄山330变.宁夏.麻黄山330变/110kV.110kVV母线
121
宁夏.麻黄山330变.121.4
116.411
2.05326
0
116.435
0
173008025
159
1
0
0
宁夏.麻黄山330变/110kV.110kVV母线
#
63
宁夏.麻黄山330变.宁夏.麻黄山330变/35kV.35kVI母线
38
宁夏.麻黄山330变.38.2
33.3599
2.82293
0
33.1652
0
173015020
179
1
0
0
宁夏.麻黄山330变/35kV.35kVI母线
#
64
宁夏.麻黄山330变.宁夏.麻黄山330变/35kV.35kVII母线
38
宁夏.麻黄山330变.38.3
33.6528
2.45578
0
0
0
173015022
180
1
0
0
宁夏.麻黄山330变/35kV.35kVII母线
#
65
宁夏.麻黄山330变.宁夏.麻黄山330变/35kV.35kVIII母线
38
宁夏.麻黄山330变.38.4
33.6712
2.10621
0
33.7505
0
173015024
1207
1
0
0
宁夏.麻黄山330变/35kV.35kVIII母线
#
66
宁夏.英力特热电厂.宁夏.英力特热电厂/330kV.330kVII母
363
宁夏.英力特热电厂.363.2
353.734
0.0197637
0
353.496
0
441014001
193
1
363
330
宁夏.英力特热电厂/330kV.330kVII母
#
67
宁夏.英力特热电厂.宁夏.英力特热电厂/330kV.330kVI母
363
宁夏.英力特热电厂.363.2
353.734
0.0197637
0
353.831
0
441014002
193
1
363
330
宁夏.英力特热电厂/330kV.330kVI母
#
68
宁夏.步桥站.宁夏.步桥站/220kV.220kVII母线
242
宁夏.步桥站.242.2
228.964
-11.1438
0
229.564
0
14012001
204
1
242
220
宁夏.步桥站/220kV.220kVII母线
#
69
宁夏.步桥站.宁夏.步桥站/220kV.220kVIA母线
242
宁夏.步桥站.242.2
228.964
-11.1438
0
229.564
0
14012002
204
1
242
220
宁夏.步桥站/220kV.220kVIA母线
#
70
宁夏.步桥站.宁夏.步桥站/220kV.220kVIB母线
242
宁夏.步桥站.242.2
228.964
-11.1438
0
229.564
0
14012003
204
1
242
220
宁夏.步桥站/220kV.220kVIB母线
#
71
宁夏.步桥站.宁夏.步桥站/110kV.110kVII母线
121
宁夏.步桥站.121.2
0
0
1
0
0
14008082
210
-137
117.17
106.7
宁夏.步桥站/110kV.110kVII母线
#
72
宁夏.步桥站.宁夏.步桥站/110kV.110kVI母线
121
宁夏.步桥站.121.2
0
0
1
0
0
14008083
210
-137
117.17
106.7
宁夏.步桥站/110kV.110kVI母线
#
73
宁夏.常胜站.宁夏.常胜站/220kV.220kVII母线
242
宁夏.常胜站.242.2
229.529
-10.7525
0
229.584
0
15012049
228
1
242
220
宁夏.常胜站/220kV.220kVII母线
#
74
宁夏.常胜站.宁夏.常胜站/220kV.220kVIA母线
242
宁夏.常胜站.242.2
229.529
-10.7525
0
229.455
0
15012050
228
1
242
220
宁夏.常胜站/220kV.220kVIA母线
#
75
宁夏.常胜站.宁夏.常胜站/220kV.220kVIB母线
242
宁夏.常胜站.242.2
229.529
-10.7525
0
230.164
0
15012053
228
1
242
220
宁夏.常胜站/220kV.220kVIB母线
#
76
宁夏.常胜站.宁夏.常胜站/110kV.110kVII母线
121
宁夏.常胜站.121.2
0
0
1
0
0
15008001
231
-157
117.17
106.7
宁夏.常胜站/110kV.110kVII母线
#
77
宁夏.常胜站.宁夏.常胜站/110kV.110kVI母线
121
宁夏.常胜站.121.2
0
0
1
0
0
15008002
231
-157
117.17
106.7
宁夏.常胜站/110kV.110kVI母线
#
78
宁夏.潮湖站.宁夏.潮湖站/220kV.220kVII母线
242
宁夏.潮湖站.242.2
229.136
-11.0396
0
229.85
0
17012099
238
1
242
220
宁夏.潮湖站/220kV.220kVII母线
#
79
宁夏.潮湖站.宁夏.潮湖站/220kV.220kVI母线
242
宁夏.潮湖站.242.2
229.136
-11.0396
0
229.979
0
17012100
238
1
242
220
宁夏.潮湖站/220kV.220kVI母线
#
80
宁夏.潮湖站.宁夏.潮湖站/110kV.110kVII母线
121
宁夏.潮湖站.121.2
0
0
1
0
0
17008001
245
-170
117.17
106.7
宁夏.潮湖站/110kV.110kVII母线
#
81
宁夏.潮湖站.宁夏.潮湖站/110kV.110kVI母线
121
宁夏.潮湖站.121.2
0
0
1
0
0
17008002
245
-170
117.17
106.7
宁夏.潮湖站/110kV.110kVI母线
#
82
宁夏.惠农站.宁夏.惠农站/220kV.220kVIV母线
242
宁夏.惠农站.242.1
0
0
1
0
0
37012050
0
0
242
220
宁夏.惠农站/220kV.220kVIV母线
#
83
宁夏.惠农站.宁夏.惠农站/220kV.220kVII母线
242
宁夏.惠农站.242.2
230.447
-10.7181
0
230.221
0
37012051
269
1
242
220
宁夏.惠农站/220kV.220kVII母线
#
84
宁夏.惠农站.宁夏.惠农站/220kV.220kVI母线
242
宁夏.惠农站.242.2
230.447
-10.7181
0
230.479
0
37012052
269
1
242
220
宁夏.惠农站/220kV.220kVI母线
#
85
宁夏.惠农站.宁夏.惠农站/110kV.110kVIV母线
121
宁夏.惠农站.121.1
0
0
1
0
0
37008002
0
0
117.17
106.7
宁夏.惠农站/110kV.110kVIV母线
#
86
宁夏.惠农站.宁夏.惠农站/110kV.110kVII母线
121
宁夏.惠农站.121.2
0
0
1
0
0
37008003
276
-200
117.17
106.7
宁夏.惠农站/110kV.110kVII母线
#
87
宁夏.惠农站.宁夏.惠农站/110kV.110kVI母线
121
宁夏.惠农站.121.2
0
0
1
0
0
37008004
276
-200
117.17
106.7
宁夏.惠农站/110kV.110kVI母线
#
88
宁夏.福祥站.宁夏.福祥站/220kV.220kVII母线
242
宁夏.福祥站.242.2
231.676
-10.1
0
232.222
0
50012056
288
1
242
220
宁夏.福祥站/220kV.220kVII母线
#
89
宁夏.福祥站.宁夏.福祥站/220kV.220kVIA母线
242
宁夏.福祥站.242.2
231.676
-10.1
0
232.077
0
50012057
288
1
242
220
宁夏.福祥站/220kV.220kVIA母线
#
90
宁夏.福祥站.宁夏.福祥站/220kV.220kVIB母线
242
宁夏.福祥站.242.2
231.676
-10.1
0
232.069
0
50012060
288
1
242
220
宁夏.福祥站/220kV.220kVIB母线
#
91
宁夏.福祥站.宁夏.福祥站/110kV.110kVII母线
121
宁夏.福祥站.121.2
0
0
1
0
0
50008001
298
-221
117.17
106.7
宁夏.福祥站/110kV.110kVII母线
#
92
宁夏.福祥站.宁夏.福祥站/110kV.110kVI母线
121
宁夏.福祥站.121.2
0
0
1
0
0
50008002
298
-221
117.17
106.7
宁夏.福祥站/110kV.110kVI母线
#
93
宁夏.平西站.宁夏.平西站/220kV.220kVIV母线
242
宁夏.平西站.242.1
0
0
1
0
0
56012041
0
0
242
220
宁夏.平西站/220kV.220kVIV母线
#
94
宁夏.平西站.宁夏.平西站/220kV.220kVII母线
242
宁夏.平西站.242.2
229.264
-11.007
0
230.052
0
56012042
308
1
242
220
宁夏.平西站/220kV.220kVII母线
#
95
宁夏.平西站.宁夏.平西站/220kV.220kVI母线
242
宁夏.平西站.242.2
229.264
-11.007
0
229.923
0
56012043
308
1
242
220
宁夏.平西站/220kV.220kVI母线
#
96
宁夏.平西站.宁夏.平西站/110kV.110kVIV母线
121
宁夏.平西站.121.1
0
0
1
0
0
56008001
0
0
117.17
106.7
宁夏.平西站/110kV.110kVIV母线
#
97
宁夏.平西站.宁夏.平西站/110kV.110kVII母线
121
宁夏.平西站.121.2
0
0
1
0
0
56008002
311
-233
117.17
106.7
宁夏.平西站/110kV.110kVII母线
#
98
宁夏.平西站.宁夏.平西站/110kV.110kVI母线
121
宁夏.平西站.121.2
0
0
1
0
0
56008003
311
-233
117.17
106.7
宁夏.平西站/110kV.110kVI母线
#
99
宁夏.石嘴山一电厂.宁夏.石嘴山一电厂/220kV.220kVII母线
242
宁夏.石嘴山一电厂.242.2
231.982
-9.96069
0
231.911
0
62012001
318
1
242
220
宁夏.石嘴山一电厂/220kV.220kVII母线
#
100
宁夏.石嘴山一电厂.宁夏.石嘴山一电厂/220kV.220kVI母线
242
宁夏.石嘴山一电厂.242.2
231.982
-9.96069
0
231.655
0
62012002
318
1
242
220
宁夏.石嘴山一电厂/220kV.220kVI母线
#
101
宁夏.石嘴山二电厂.宁夏.石嘴山二电厂/220kV.220kVIIB母线
242
宁夏.石嘴山二电厂.242.2
232.012
-9.861
0
232.698
0
64012001
327
1
242
220
宁夏.石嘴山二电厂/220kV.220kVIIB母线
#
102
宁夏.石嘴山二电厂.宁夏.石嘴山二电厂/220kV.220kVIB母线
242
宁夏.石嘴山二电厂.242.2
232.012
-9.861
0
232.718
0
64012002
327
1
242
220
宁夏.石嘴山二电厂/220kV.220kVIB母线
#
103
宁夏.石嘴山二电厂.宁夏.石嘴山二电厂/220kV.220kVIIA母线
242
宁夏.石嘴山二电厂.242.2
232.012
-9.861
0
232.778
0
64012003
327
1
242
220
宁夏.石嘴山二电厂/220kV.220kVIIA母线
#
104
宁夏.石嘴山二电厂.宁夏.石嘴山二电厂/220kV.220kVIA母线
242
宁夏.石嘴山二电厂.242.2
232.012
-9.861
0
232.818
0
64012004
327
1
242
220
宁夏.石嘴山二电厂/220kV.220kVIA母线
#
105
宁夏.石嘴山二电厂.宁夏.石嘴山二电厂/6kV.6kVIII母线
6
宁夏.石嘴山二电厂.6.1
0
0
1
0
0
64017005
0
0
6.42
5.82
宁夏.石嘴山二电厂/6kV.6kVIII母线
#
106
宁夏.陶乐站.宁夏.陶乐站/220kV.220kVI母线I段
242
宁夏.陶乐站.242.2
230.561
-9.91948
0
230.841
0
73012089
343
1
242
220
宁夏.陶乐站/220kV.220kVI母线I段
#
107
宁夏.陶乐站.宁夏.陶乐站/220kV.220kVII母线
242
宁夏.陶乐站.242.2
230.561
-9.91948
0
230.994
0
73012090
343
1
242
220
宁夏.陶乐站/220kV.220kVII母线
#
108
宁夏.陶乐站.宁夏.陶乐站/110kV.110kVII母线
121
宁夏.陶乐站.121.2
0
0
1
0
0
73008001
347
-260
117.17
106.7
宁夏.陶乐站/110kV.110kVII母线
#
109
宁夏.陶乐站.宁夏.陶乐站/110kV.110kVI母线
121
宁夏.陶乐站.121.2
0
0
1
0
0
73008002
347
-260
117.17
106.7
宁夏.陶乐站/110kV.110kVI母线
#
110
宁夏.西部热电厂.宁夏.西部热电厂/110kV.110kVII母线
121
宁夏.西部热电厂.121.1
0
0
1
0
0
79008002
0
0
117.17
106.7
宁夏.西部热电厂/110kV.110kVII母线
#
111
宁夏.西部热电厂.宁夏.西部热电厂/110kV.110kVI母线
121
宁夏.西部热电厂.121.1
0
0
1
0
0
79008003
0
0
117.17
106.7
宁夏.西部热电厂/110kV.110kVI母线
#
112
宁夏.西部热电厂.宁夏.西部热电厂/10kV.10kV母线
10
宁夏.西部热电厂.10.1
0
0
1
0
0
79007004
0
0
10.7
10
宁夏.西部热电厂/10kV.10kV母线
#
113
宁夏.正谊站.宁夏.正谊站/220kV.220kVIV母线
242
宁夏.正谊站.242.1
0
0
1
0
0
97012072
0
0
242
220
宁夏.正谊站/220kV.220kVIV母线
#
114
宁夏.正谊站.宁夏.正谊站/220kV.220kVII母线
242
宁夏.正谊站.242.2
231.734
-10.0804
0
231.397
0
97012073
364
1
242
220
宁夏.正谊站/220kV.220kVII母线
#
115
宁夏.正谊站.宁夏.正谊站/220kV.220kVIA母线
242
宁夏.正谊站.242.2
231.734
-10.0804
0
231.655
0
97012074
364
1
242
220
宁夏.正谊站/220kV.220kVIA母线
#
116
宁夏.正谊站.宁夏.正谊站/220kV.220kVIB母线
242
宁夏.正谊站.242.2
231.734
-10.0804
0
231.784
0
97012075
364
1
242
220
宁夏.正谊站/220kV.220kVIB母线
#
117
宁夏.正谊站.宁夏.正谊站/110kV.110kVIV母线
121
宁夏.正谊站.121.1
0
0
1
0
0
97008001
0
0
117.17
106.7
宁夏.正谊站/110kV.110kVIV母线
#
118
宁夏.正谊站.宁夏.正谊站/110kV.110kVII母线
121
宁夏.正谊站.121.2
0
0
1
0
0
97008002
368
-280
117.17
106.7
宁夏.正谊站/110kV.110kVII母线
#
119
宁夏.正谊站.宁夏.正谊站/110kV.110kVI母线
121
宁夏.正谊站.121.2
0
0
1
0
0
97008003
368
-280
117.17
106.7
宁夏.正谊站/110kV.110kVI母线
#
120
宁夏.正谊站.宁夏.正谊站/110kV.110kVIB母线
121
宁夏.正谊站.121.3
0
0
1
0
0
97008004
369
-281
117.17
106.7
宁夏.正谊站/110kV.110kVIB母线
#
121
宁夏.正谊站.宁夏.正谊站/110kV.110kVIIB母线
121
宁夏.正谊站.121.1
0
0
1
0
0
97008005
0
0
117.17
106.7
宁夏.正谊站/110kV.110kVIIB母线
#
122
宁夏.大武口热电厂.宁夏.大武口热电厂/220kV.220kVII母线
242
宁夏.大武口热电厂.242.2
230.37
-10.2558
0
229.42
0
142012001
380
1
242
220
宁夏.大武口热电厂/220kV.220kVII母线
#
123
宁夏.大武口热电厂.宁夏.大武口热电厂/220kV.220kVI母线
242
宁夏.大武口热电厂.242.2
230.37
-10.2558
0
230.177
0
142012002
380
1
242
220
宁夏.大武口热电厂/220kV.220kVI母线
#
124
宁夏.兰山站.宁夏.兰山站/220kV.220kVII母线
242
宁夏.兰山站.242.2
229.872
-11.0144
0
229.89
0
148012001
389
1
242
220
宁夏.兰山站/220kV.220kVII母线
#
125
宁夏.兰山站.宁夏.兰山站/220kV.220kVI母线
242
宁夏.兰山站.242.2
229.872
-11.0144
0
229.898
0
148012002
389
1
242
220
宁夏.兰山站/220kV.220kVI母线
#
126
宁夏.兰山站.宁夏.兰山站/110kV.110kVIb母线
121
宁夏.兰山站.121.2
0
0
1
0
0
148008033
392
-300
121
110
宁夏.兰山站/110kV.110kVIb母线
#
127
宁夏.兰山站.宁夏.兰山站/110kV.110kVIa母线
121
宁夏.兰山站.121.2
0
0
1
0
0
148008034
392
-300
121
110
宁夏.兰山站/110kV.110kVIa母线
#
128
宁夏.河滨站.宁夏.河滨站/220kV.220kVII母线
242
宁夏.河滨站.242.2
231.828
-10.0404
0
231.9
0
189012040
399
1
242
220
宁夏.河滨站/220kV.220kVII母线
#
129
宁夏.河滨站.宁夏.河滨站/220kV.220kVI母线
242
宁夏.河滨站.242.2
231.828
-10.0404
0
232.372
0
189012041
399
1
242
220
宁夏.河滨站/220kV.220kVI母线
#
130
宁夏.河滨站.宁夏.河滨站/110kV.110kVII母线
121
宁夏.河滨站.121.2
0
0
1
0
0
189008001
402
-309
0
0
宁夏.河滨站/110kV.110kVII母线
#
131
宁夏.河滨站.宁夏.河滨站/110kV.110kVI母线
121
宁夏.河滨站.121.2
0
0
1
0
0
189008002
402
-309
0
0
宁夏.河滨站/110kV.110kVI母线
#
132
宁夏.镇朔站.宁夏.镇朔站/220kV.220kVII母线
242
宁夏.镇朔站.242.2
228.717
-11.1008
0
228.668
0
222012041
409
1
242
220
宁夏.镇朔站/220kV.220kVII母线
#
133
宁夏.镇朔站.宁夏.镇朔站/220kV.220kVIB母线
242
宁夏.镇朔站.242.2
228.717
-11.1008
0
229.152
0
222012042
409
1
242
220
宁夏.镇朔站/220kV.220kVIB母线
#
134
宁夏.镇朔站.宁夏.镇朔站/220kV.220kVIA母线
242
宁夏.镇朔站.242.2
228.717
-11.1008
0
229.856
0
222012044
409
1
242
220
宁夏.镇朔站/220kV.220kVIA母线
#
135
宁夏.镇朔站.宁夏.镇朔站/110kV.110kVII母线
121
宁夏.镇朔站.121.2
0
0
1
0
0
222008001
414
-320
121
110
宁夏.镇朔站/110kV.110kVII母线
#
136
宁夏.镇朔站.宁夏.镇朔站/110kV.110kVI母线
121
宁夏.镇朔站.121.2
0
0
1
0
0
222008002
414
-320
121
110
宁夏.镇朔站/110kV.110kVI母线
#
137
宁夏.厚德站.宁夏.厚德站/220kV.220kVI母
242
宁夏.厚德站.242.2
0
0
1
0
0
438012001
433
-339
242
220
宁夏.厚德站/220kV.220kVI母
#
138
宁夏.厚德站.宁夏.厚德站/220kV.220kVII母
242
宁夏.厚德站.242.2
0
0
1
0
0
438012002
433
-339
242
220
宁夏.厚德站/220kV.220kVII母
#
139
宁夏.靖安站.宁夏.靖安站/220kV.220kVII母线
242
宁夏.靖安站.242.2
231.261
-10.3484
0
231.308
0
442012001
444
1
242
220
宁夏.靖安站/220kV.220kVII母线
#
140
宁夏.靖安站.宁夏.靖安站/220kV.220kVIB母线
242
宁夏.靖安站.242.2
231.261
-10.3484
0
0
0
442012002
444
1
242
220
宁夏.靖安站/220kV.220kVIB母线
#
141
宁夏.靖安站.宁夏.靖安站/110kV.110kVIA母线
121
宁夏.靖安站.121.2
0
0
1
0
0
442008034
447
-352
0
0
宁夏.靖安站/110kV.110kVIA母线
#
142
宁夏.靖安站.宁夏.靖安站/110kV.110kVIB母线
121
宁夏.靖安站.121.2
0
0
1
0
0
442008035
447
-352
0
0
宁夏.靖安站/110kV.110kVIB母线
#
143
宁夏.隆鼎站.宁夏.隆鼎站/110kV.110kV母线
121
宁夏.隆鼎站.121.2
0
0
1
0
0
460008001
460
-365
37.45
33.95
宁夏.隆鼎站/110kV.110kV母线
#
144
宁夏.隆鼎站.宁夏.隆鼎站/35kV.35kV母线
38
宁夏.隆鼎站.38.1
0
0
1
0
0
460015002
0
0
37.45
33.95
宁夏.隆鼎站/35kV.35kV母线
#
145
宁夏.永乐站.宁夏.永乐站/220kV.220kVIB母线
242
宁夏.永乐站.242.2
231.102
-9.94004
0
0
0
559012001
464
1
242
220
宁夏.永乐站/220kV.220kVIB母线
#
146
宁夏.永乐站.宁夏.永乐站/220kV.220kVII母线
242
宁夏.永乐站.242.2
231.102
-9.94004
0
230.964
0
559012003
464
1
242
220
宁夏.永乐站/220kV.220kVII母线
#
147
宁夏.永乐站.宁夏.永乐站/110kV.110kVIIA母线
121
宁夏.永乐站.121.2
0
0
1
0
0
559008035
468
-372
0
0
宁夏.永乐站/110kV.110kVIIA母线
#
148
宁夏.永乐站.宁夏.永乐站/110kV.110kVIA母线
121
宁夏.永乐站.121.2
0
0
1
0
0
559008036
468
-372
0
0
宁夏.永乐站/110kV.110kVIA母线
#
149
宁夏.永乐站.宁夏.永乐站/35kV.35kVI母线
38
宁夏.永乐站.38.1
0
0
1
0
0
559015002
0
0
0
0
宁夏.永乐站/35kV.35kVI母线
#
150
宁夏.永乐站.宁夏.永乐站/35kV.35kVII母线
38
宁夏.永乐站.38.1
0
0
1
0
0
559015004
0
0
0
0
宁夏.永乐站/35kV.35kVII母线
#
151
宁夏.东山站.宁夏.东山站/220kV.220kVIV母线
242
宁夏.东山站.242.1
0
0
1
0
0
22012038
0
0
242
220
宁夏.东山站/220kV.220kVIV母线
#
152
宁夏.东山站.宁夏.东山站/220kV.220kVII母线
242
宁夏.东山站.242.2
232.636
-4.87735
0
232.071
0
22012039
474
1
242
220
宁夏.东山站/220kV.220kVII母线
#
153
宁夏.东山站.宁夏.东山站/220kV.220kVI母线
242
宁夏.东山站.242.2
232.636
-4.87735
0
232.845
0
22012040
474
1
242
220
宁夏.东山站/220kV.220kVI母线
#
154
宁夏.东山站.宁夏.东山站/110kV.110kVIV母线
121
宁夏.东山站.121.1
0
0
1
0
0
22008001
0
0
117.17
106.7
宁夏.东山站/110kV.110kVIV母线
#
155
宁夏.东山站.宁夏.东山站/110kV.110kVII母线
121
宁夏.东山站.121.2
0
0
1
0
0
22008002
477
-380
117.17
106.7
宁夏.东山站/110kV.110kVII母线
#
156
宁夏.东山站.宁夏.东山站/110kV.110kVI母线
121
宁夏.东山站.121.2
0
0
1
0
0
22008003
477
-380
117.17
106.7
宁夏.东山站/110kV.110kVI母线
#
157
宁夏.高桥站.宁夏.高桥站/220kV.220kVII母线
242
宁夏.高桥站.242.2
231.923
-6.6243
0
231.719
0
30012003
484
1
242
220
宁夏.高桥站/220kV.220kVII母线
#
158
宁夏.高桥站.宁夏.高桥站/220kV.220kVI母线
242
宁夏.高桥站.242.2
231.923
-6.6243
0
231.719
0
30012004
484
1
242
220
宁夏.高桥站/220kV.220kVI母线
#
159
宁夏.高桥站.宁夏.高桥站/110kV.110kVII母线
121
宁夏.高桥站.121.2
0
0
1
0
0
30008001
490
-392
117.17
106.7
宁夏.高桥站/110kV.110kVII母线
#
160
宁夏.高桥站.宁夏.高桥站/110kV.110kVI母线
121
宁夏.高桥站.121.2
0
0
1
0
0
30008002
490
-392
117.17
106.7
宁夏.高桥站/110kV.110kVI母线
#
161
宁夏.金凤站.宁夏.金凤站/220kV.220kVII母线
242
宁夏.金凤站.242.2
230.242
-9.09951
0
229.85
0
41012043
499
1
242
220
宁夏.金凤站/220kV.220kVII母线
#
162
宁夏.金凤站.宁夏.金凤站/220kV.220kVIA母线
242
宁夏.金凤站.242.2
230.242
-9.09951
0
229.979
0
41012044
499
1
242
220
宁夏.金凤站/220kV.220kVIA母线
#
163
宁夏.金凤站.宁夏.金凤站/220kV.220kVIB母线
242
宁夏.金凤站.242.2
230.242
-9.09951
0
230.688
0
41012046
499
1
242
220
宁夏.金凤站/220kV.220kVIB母线
#
164
宁夏.金凤站.宁夏.金凤站/110kV.110kVII母线
121
宁夏.金凤站.121.2
0
0
1
0
0
41008001
504
-405
117.17
106.7
宁夏.金凤站/110kV.110kVII母线
#
165
宁夏.金凤站.宁夏.金凤站/110kV.110kVI母线
121
宁夏.金凤站.121.2
0
0
1
0
0
41008002
504
-405
117.17
106.7
宁夏.金凤站/110kV.110kVI母线
#
166
宁夏.芦花站.宁夏.芦花站/220kV.220kVII母线
242
宁夏.芦花站.242.2
230.759
-8.28179
0
230.286
0
47012046
511
1
242
220
宁夏.芦花站/220kV.220kVII母线
#
167
宁夏.芦花站.宁夏.芦花站/220kV.220kVI母线
242
宁夏.芦花站.242.2
230.759
-8.28179
0
230.415
0
47012047
511
1
242
220
宁夏.芦花站/220kV.220kVI母线
#
168
宁夏.芦花站.宁夏.芦花站/110kV.110kVII母线
121
宁夏.芦花站.121.2
0
0
1
0
0
47008001
514
-414
117.17
106.7
宁夏.芦花站/110kV.110kVII母线
#
169
宁夏.芦花站.宁夏.芦花站/110kV.110kVI母线
121
宁夏.芦花站.121.2
0
0
1
0
0
47008002
514
-414
117.17
106.7
宁夏.芦花站/110kV.110kVI母线
#
170
宁夏.西夏热电厂.宁夏.西夏热电厂/220kV.220kVII母线
242
宁夏.西夏热电厂.242.2
232.024
-6.94105
0
232.066
0
81012001
521
1
242
220
宁夏.西夏热电厂/220kV.220kVII母线
#
171
宁夏.西夏热电厂.宁夏.西夏热电厂/220kV.220kVI母线
242
宁夏.西夏热电厂.242.2
232.024
-6.94105
0
231.784
0
81012002
521
1
242
220
宁夏.西夏热电厂/220kV.220kVI母线
#
172
宁夏.新城站.宁夏.新城站/220kV.220kVIV母线
242
宁夏.新城站.242.1
0
0
1
0
0
84012002
0
0
242
220
宁夏.新城站/220kV.220kVIV母线
#
173
宁夏.新城站.宁夏.新城站/220kV.220kVII母线
242
宁夏.新城站.242.1
0
0
1
0
0
84012003
0
0
242
220
宁夏.新城站/220kV.220kVII母线
#
174
宁夏.新城站.宁夏.新城站/220kV.220kVI母线
242
宁夏.新城站.242.1
0
0
1
0
0
84012004
0
0
242
220
宁夏.新城站/220kV.220kVI母线
#
175
宁夏.新城站.宁夏.新城站/110kV.110kVIV母线
121
宁夏.新城站.121.1
0
0
1
0
0
84008041
0
0
117.17
106.7
宁夏.新城站/110kV.110kVIV母线
#
176
宁夏.新城站.宁夏.新城站/110kV.110kVII母线
121
宁夏.新城站.121.1
0
0
1
0
0
84008042
0
0
117.17
106.7
宁夏.新城站/110kV.110kVII母线
#
177
宁夏.新城站.宁夏.新城站/110kV.110kVI母线
121
宁夏.新城站.121.1
0
0
1
0
0
84008043
0
0
117.17
106.7
宁夏.新城站/110kV.110kVI母线
#
178
宁夏.新城站.宁夏.新城站/10kV.10kVIII母线
10
宁夏.新城站.10.1
0
0
1
0
0
84007001
0
0
10.7
10
宁夏.新城站/10kV.10kVIII母线
#
179
宁夏.新城站.宁夏.新城站/10kV.10kVIV母线
10
宁夏.新城站.10.1
0
0
1
0
0
84007005
0
0
10.7
10
宁夏.新城站/10kV.10kVIV母线
#
180
宁夏.银川站.宁夏.银川站/220kV.220kVIV母线
242
宁夏.银川站.242.2
231.129
-7.63237
0
0
0
88012001
542
1
242
220
宁夏.银川站/220kV.220kVIV母线
#
181
宁夏.银川站.宁夏.银川站/220kV.220kVII母线
242
宁夏.银川站.242.2
231.129
-7.63237
0
230.736
0
88012002
542
1
242
220
宁夏.银川站/220kV.220kVII母线
#
182
宁夏.银川站.宁夏.银川站/220kV.220kVI母线
242
宁夏.银川站.242.2
231.129
-7.63237
0
230.64
0
88012003
542
1
242
220
宁夏.银川站/220kV.220kVI母线
#
183
宁夏.银川站.宁夏.银川站/110kV.110kVIV母线
121
宁夏.银川站.121.2
0
0
1
0
0
88008032
545
-441
117.17
106.7
宁夏.银川站/110kV.110kVIV母线
#
184
宁夏.银川站.宁夏.银川站/110kV.110kVII母线
121
宁夏.银川站.121.2
0
0
1
0
0
88008035
545
-441
117.17
106.7
宁夏.银川站/110kV.110kVII母线
#
185
宁夏.银川站.宁夏.银川站/110kV.110kVI母线
121
宁夏.银川站.121.2
0
0
1
0
0
88008036
545
-441
117.17
106.7
宁夏.银川站/110kV.110kVI母线
#
186
宁夏.月牙湖变.宁夏.月牙湖变/330kV.330kVII母
363
宁夏.月牙湖变.363.1
350.185
-2.6216
0
350.301
0
94014001
558
1
363
330
宁夏.月牙湖变/330kV.330kVII母
#
187
宁夏.月牙湖变.宁夏.月牙湖变/330kV.330kVI母
363
宁夏.月牙湖变.363.1
350.185
-2.6216
0
350.636
0
94014002
558
1
363
330
宁夏.月牙湖变/330kV.330kVI母
#
188
宁夏.月牙湖变.宁夏.月牙湖变/220kV.220kVII母线
242
宁夏.月牙湖变.242.2
232.189
-7.03168
0
232.299
0
94012025
559
1
242
220
宁夏.月牙湖变/220kV.220kVII母线
#
189
宁夏.月牙湖变.宁夏.月牙湖变/220kV.220kVI母线
242
宁夏.月牙湖变.242.2
232.189
-7.03168
0
232.428
0
94012026
559
1
242
220
宁夏.月牙湖变/220kV.220kVI母线
#
190
宁夏.月牙湖变.宁夏.月牙湖变/35kV.35kVI母线
38
宁夏.月牙湖变.38.2
33.598
-7.45802
0
33.4346
0
94015027
1214
1
38
34
宁夏.月牙湖变/35kV.35kVI母线
#
191
宁夏.月牙湖变.宁夏.月牙湖变/35kV.35kVIV母线
38
宁夏.月牙湖变.38.3
33.5958
-7.55222
0
0
0
94015028
1215
1
38
34
宁夏.月牙湖变/35kV.35kVIV母线
#
192
宁夏.掌政站.宁夏.掌政站/220kV.220kVII母线
242
宁夏.掌政站.242.2
231.889
-6.68967
0
230.861
0
96012048
578
1
242
220
宁夏.掌政站/220kV.220kVII母线
#
193
宁夏.掌政站.宁夏.掌政站/220kV.220kVI母线
242
宁夏.掌政站.242.2
231.889
-6.68967
0
231.167
0
96012049
578
1
242
220
宁夏.掌政站/220kV.220kVI母线
#
194
宁夏.掌政站.宁夏.掌政站/110kV.110kVIV母线
121
宁夏.掌政站.121.1
0
0
1
0
0
96008002
0
0
117.17
106.7
宁夏.掌政站/110kV.110kVIV母线
#
195
宁夏.掌政站.宁夏.掌政站/110kV.110kVII母线
121
宁夏.掌政站.121.2
0
0
1
0
0
96008003
581
-472
117.17
106.7
宁夏.掌政站/110kV.110kVII母线
#
196
宁夏.掌政站.宁夏.掌政站/110kV.110kVI母线
121
宁夏.掌政站.121.2
0
0
1
0
0
96008004
581
-472
117.17
106.7
宁夏.掌政站/110kV.110kVI母线
#
197
宁夏.西夏站.宁夏.西夏站/220kV.220kVI母线
242
宁夏.西夏站.242.2
231.482
-7.1621
0
231.647
0
120012002
597
1
242
220
宁夏.西夏站/220kV.220kVI母线
#
198
宁夏.西夏站.宁夏.西夏站/220kV.220kVII母线
242
宁夏.西夏站.242.2
231.482
-7.1621
0
231.389
0
120012003
597
1
242
220
宁夏.西夏站/220kV.220kVII母线
#
199
宁夏.西夏站.宁夏.西夏站/110kV.110kVII母线
121
宁夏.西夏站.121.2
0
0
1
0
0
120008043
600
-490
121
106
宁夏.西夏站/110kV.110kVII母线
#
200
宁夏.西夏站.宁夏.西夏站/110kV.110kVI母线
121
宁夏.西夏站.121.2
0
0
1
0
0
120008044
600
-490
121
106
宁夏.西夏站/110kV.110kVI母线
#
201
宁夏.新城站综自站.宁夏.新城站综自站/220kV.220kVIV母线
242
宁夏.新城站综自站.242.1
0
0
1
0
0
131012001
0
0
242
220
宁夏.新城站综自站/220kV.220kVIV母线
#
202
宁夏.新城站综自站.宁夏.新城站综自站/220kV.220kVII母线
242
宁夏.新城站综自站.242.2
231.352
-7.76224
0
231.989
0
131012002
607
1
242
220
宁夏.新城站综自站/220kV.220kVII母线
#
203
宁夏.新城站综自站.宁夏.新城站综自站/220kV.220kVI母线
242
宁夏.新城站综自站.242.2
231.352
-7.76224
0
231.546
0
131012003
607
1
242
220
宁夏.新城站综自站/220kV.220kVI母线
#
204
宁夏.新城站综自站.宁夏.新城站综自站/110kV.110kVII母线
121
宁夏.新城站综自站.121.2
0
0
1
0
0
131008038
610
-499
121
110
宁夏.新城站综自站/110kV.110kVII母线
#
205
宁夏.新城站综自站.宁夏.新城站综自站/110kV.110kVI母线
121
宁夏.新城站综自站.121.2
0
0
1
0
0
131008039
610
-499
121
110
宁夏.新城站综自站/110kV.110kVI母线
#
206
宁夏.平吉堡综自站.宁夏.平吉堡综自站/220kV.220kVIV母线
242
宁夏.平吉堡综自站.242.1
0
0
1
0
0
138012001
0
0
242
220
宁夏.平吉堡综自站/220kV.220kVIV母线
#
207
宁夏.平吉堡综自站.宁夏.平吉堡综自站/220kV.220kVII母线
242
宁夏.平吉堡综自站.242.2
231.803
-7.01184
0
232.485
0
138012002
617
1
242
220
宁夏.平吉堡综自站/220kV.220kVII母线
#
208
宁夏.平吉堡综自站.宁夏.平吉堡综自站/220kV.220kVIB母线
242
宁夏.平吉堡综自站.242.2
231.803
-7.01184
0
231.639
0
138012003
617
1
242
220
宁夏.平吉堡综自站/220kV.220kVIB母线
#
209
宁夏.平吉堡综自站.宁夏.平吉堡综自站/220kV.220kVIA母线
242
宁夏.平吉堡综自站.242.2
231.803
-7.01184
0
232.477
0
138012007
617
1
242
220
宁夏.平吉堡综自站/220kV.220kVIA母线
#
210
宁夏.平吉堡综自站.宁夏.平吉堡综自站/110kV.110kVIV母线
121
宁夏.平吉堡综自站.121.1
0
0
1
0
0
138008064
0
0
121
110
宁夏.平吉堡综自站/110kV.110kVIV母线
#
211
宁夏.平吉堡综自站.宁夏.平吉堡综自站/110kV.110kVII母线
121
宁夏.平吉堡综自站.121.2
0
0
1
0
0
138008065
624
-512
121
110
宁夏.平吉堡综自站/110kV.110kVII母线
#
212
宁夏.平吉堡综自站.宁夏.平吉堡综自站/110kV.110kVI母线
121
宁夏.平吉堡综自站.121.2
0
0
1
0
0
138008066
624
-512
121
110
宁夏.平吉堡综自站/110kV.110kVI母线
#
213
宁夏.哈纳斯热电二厂.宁夏.哈纳斯热电二厂/220kV.220kVIIB母
242
宁夏.哈纳斯热电二厂.242.2
230.332
-9.10062
0
230.78
0
418012001
632
1
242
220
宁夏.哈纳斯热电二厂/220kV.220kVIIB母
#
214
宁夏.哈纳斯热电二厂.宁夏.哈纳斯热电二厂/220kV.220kVI母
242
宁夏.哈纳斯热电二厂.242.2
230.332
-9.10062
0
231.792
0
418012002
632
1
242
220
宁夏.哈纳斯热电二厂/220kV.220kVI母
#
215
宁夏.哈纳斯热电二厂.宁夏.哈纳斯热电二厂/220kV.220kVIIA母
242
宁夏.哈纳斯热电二厂.242.2
230.332
-9.10062
0
230.692
0
418012003
632
1
242
220
宁夏.哈纳斯热电二厂/220kV.220kVIIA母
#
216
宁夏.哈纳斯热电二厂.宁夏.哈纳斯热电二厂/6kV.6kVI母
6
宁夏.哈纳斯热电二厂.6.1
0
0
1
0
0
418017004
0
0
0
0
宁夏.哈纳斯热电二厂/6kV.6kVI母
#
217
宁夏.哈纳斯热电二厂.宁夏.哈纳斯热电二厂/6kV.6kVII母
6
宁夏.哈纳斯热电二厂.6.1
0
0
1
0
0
418017005
0
0
0
0
宁夏.哈纳斯热电二厂/6kV.6kVII母
#
218
宁夏.李俊站.宁夏.李俊站/220kV.220kVII母线
242
宁夏.李俊站.242.2
232.311
-5.5607
0
232
0
447012001
654
1
242
220
宁夏.李俊站/220kV.220kVII母线
#
219
宁夏.李俊站.宁夏.李俊站/220kV.220kVIB母线
242
宁夏.李俊站.242.2
232.311
-5.5607
0
0
0
447012002
654
1
242
220
宁夏.李俊站/220kV.220kVIB母线
#
220
宁夏.李俊站.宁夏.李俊站/110kV.110kVII母线
121
宁夏.李俊站.121.2
0
0
1
0
0
447008036
657
-535
0
0
宁夏.李俊站/110kV.110kVII母线
#
221
宁夏.李俊站.宁夏.李俊站/110kV.110kVI母线
121
宁夏.李俊站.121.2
0
0
1
0
0
447008037
657
-535
0
0
宁夏.李俊站/110kV.110kVI母线
#
222
宁夏.兴塬站.宁夏.兴塬站/220kV.220kVI母
242
宁夏.兴塬站.242.1
0
0
1
0
0
461012002
0
0
242
220
宁夏.兴塬站/220kV.220kVI母
#
223
宁夏.兴塬站.宁夏.兴塬站/110kV.110kVI母
121
宁夏.兴塬站.121.1
0
0
1
0
0
461008001
0
0
0
0
宁夏.兴塬站/110kV.110kVI母
#
224
宁夏.兴塬站.宁夏.兴塬站/35kV.35kVI母
38
宁夏.兴塬站.38.1
0
0
1
0
0
461015004
0
0
0
0
宁夏.兴塬站/35kV.35kVI母
#
225
宁夏.兴塬站.宁夏.兴塬站/10kV.10kVI母
10
宁夏.兴塬站.10.1
0
0
1
0
0
461007003
0
0
0
0
宁夏.兴塬站/10kV.10kVI母
#
226
宁夏.金贵站.宁夏.金贵站/220kV.220kVII母线
242
宁夏.金贵站.242.2
231.133
-8.19935
0
231.6
0
480012001
670
1
242
220
宁夏.金贵站/220kV.220kVII母线
#
227
宁夏.金贵站.宁夏.金贵站/220kV.220kVIA母线
242
宁夏.金贵站.242.2
231.133
-8.19935
0
231.51
0
480012002
670
1
242
220
宁夏.金贵站/220kV.220kVIA母线
#
228
宁夏.金贵站.宁夏.金贵站/110kV.110kVII母线
121
宁夏.金贵站.121.2
0
0
1
0
0
480008035
675
-552
0
0
宁夏.金贵站/110kV.110kVII母线
#
229
宁夏.金贵站.宁夏.金贵站/110kV.110kVI母线
121
宁夏.金贵站.121.2
0
0
1
0
0
480008036
675
-552
0
0
宁夏.金贵站/110kV.110kVI母线
#
230
宁夏.金贵站.宁夏.金贵站/35kV.35kVI母线
38
宁夏.金贵站.38.1
0
0
1
0
0
480015037
0
0
0
0
宁夏.金贵站/35kV.35kVI母线
#
231
宁夏.金贵站.宁夏.金贵站/35kV.35kVII母线
38
宁夏.金贵站.38.1
0
0
1
0
0
480015038
0
0
0
0
宁夏.金贵站/35kV.35kVII母线
#
232
宁夏.于祥站.宁夏.于祥站/220kV.220kVII母线
242
宁夏.于祥站.242.2
229.547
-9.97231
0
229.813
0
556012001
682
1
242
220
宁夏.于祥站/220kV.220kVII母线
#
233
宁夏.于祥站.宁夏.于祥站/220kV.220kVIB母线
242
宁夏.于祥站.242.2
229.547
-9.97231
0
230.021
0
556012002
682
1
242
220
宁夏.于祥站/220kV.220kVIB母线
#
234
宁夏.于祥站.宁夏.于祥站/110kV.110kVII母线
121
宁夏.于祥站.121.2
0
0
1
0
0
556008039
691
-567
0
0
宁夏.于祥站/110kV.110kVII母线
#
235
宁夏.于祥站.宁夏.于祥站/110kV.110kVI母线
121
宁夏.于祥站.121.2
0
0
1
0
0
556008040
691
-567
0
0
宁夏.于祥站/110kV.110kVI母线
#
236
宁夏.于祥站.宁夏.于祥站/35kV.35kVI母线
38
宁夏.于祥站.38.1
0
0
1
0
0
556015003
0
0
0
0
宁夏.于祥站/35kV.35kVI母线
#
237
宁夏.于祥站.宁夏.于祥站/35kV.35kVII母线
38
宁夏.于祥站.38.1
0
0
1
0
0
556015004
0
0
0
0
宁夏.于祥站/35kV.35kVII母线
#
238
宁夏.大坝电厂.宁夏.大坝电厂/330kV.330kVII母
363
宁夏.大坝电厂.363.2
349.874
-1.61053
0
349.043
0
18014004
696
1
363
330
宁夏.大坝电厂/330kV.330kVII母
#
239
宁夏.大坝电厂.宁夏.大坝电厂/330kV.330kVI母
363
宁夏.大坝电厂.363.2
349.874
-1.61053
0
349.294
0
18014005
696
1
363
330
宁夏.大坝电厂/330kV.330kVI母
#
240
宁夏.大坝电厂.宁夏.大坝电厂/220kV.220kVII母线
242
宁夏.大坝电厂.242.2
232.416
-2.92336
0
232.858
0
18012001
698
1
242
220
宁夏.大坝电厂/220kV.220kVII母线
#
241
宁夏.大坝电厂.宁夏.大坝电厂/220kV.220kVIV母线
242
宁夏.大坝电厂.242.1
0
0
1
0
0
18012002
0
0
242
220
宁夏.大坝电厂/220kV.220kVIV母线
#
242
宁夏.大坝电厂.宁夏.大坝电厂/220kV.220kVIB母线
242
宁夏.大坝电厂.242.2
232.416
-2.92336
0
231.683
0
18012003
698
1
242
220
宁夏.大坝电厂/220kV.220kVIB母线
#
243
宁夏.大坝电厂.宁夏.大坝电厂/220kV.220kVIA母线
242
宁夏.大坝电厂.242.2
232.416
-2.92336
0
232.22
0
18012006
698
1
242
220
宁夏.大坝电厂/220kV.220kVIA母线
#
244
宁夏.大坝电厂.宁夏.大坝电厂/35kV.35kV#7联变母线
38
宁夏.大坝电厂.38.2
36.838
-3.13215
0
0
0
18015007
1225
1
37.45
33.95
宁夏.大坝电厂/35kV.35kV#7联变母线
#
245
宁夏.大坝电厂.宁夏.大坝电厂/35kV.35kV#8联变母线
38
宁夏.大坝电厂.38.3
36.8166
-3.15891
0
0
0
18015008
1226
1
37.45
33.95
宁夏.大坝电厂/35kV.35kV#8联变母线
#
246
宁夏.侯桥变.宁夏.侯桥变/330kV.330kVI母
363
宁夏.侯桥变.363.2
352.497
-1.02673
0
353.547
0
36014001
710
1
363
330
宁夏.侯桥变/330kV.330kVI母
#
247
宁夏.侯桥变.宁夏.侯桥变/330kV.330kVII母
363
宁夏.侯桥变.363.2
352.497
-1.02673
0
352.411
0
36014002
710
1
363
330
宁夏.侯桥变/330kV.330kVII母
#
248
宁夏.侯桥变.宁夏.侯桥变/110kV.110kVII母线
121
宁夏.侯桥变.121.2
115.475
-1.02572
0
115.732
0
36008047
712
1
117.17
106.7
宁夏.侯桥变/110kV.110kVII母线
#
249
宁夏.侯桥变.宁夏.侯桥变/110kV.110kVIB母线
121
宁夏.侯桥变.121.2
115.475
-1.02572
0
115.724
0
36008048
712
1
117.17
106.7
宁夏.侯桥变/110kV.110kVIB母线
#
250
宁夏.侯桥变.宁夏.侯桥变/110kV.110kVIA母线
121
宁夏.侯桥变.121.2
115.475
-1.02572
0
115.962
0
36008050
712
1
117.17
106.7
宁夏.侯桥变/110kV.110kVIA母线
#
251
宁夏.侯桥变.宁夏.侯桥变/35kV.35kVII母线
38
宁夏.侯桥变.38.3
32.8262
-1.01702
0
32.1526
0
36015049
715
1
37.45
33.95
宁夏.侯桥变/35kV.35kVII母线
#
252
宁夏.侯桥变.宁夏.侯桥变/35kV.35kVI母线
38
宁夏.侯桥变.38.2
33.3091
-1.02603
0
33.741
0
36015051
714
1
37.45
33.95
宁夏.侯桥变/35kV.35kVI母线
#
253
宁夏.侯桥变.宁夏.侯桥变/35kV.35kVV母线
38
宁夏.侯桥变.38.4
33.376
-1.03974
0
33.382
0
36015052
716
1
37.45
33.95
宁夏.侯桥变/35kV.35kVV母线
#
254
宁夏.利通站.宁夏.利通站/220kV.220kVII母线
242
宁夏.利通站.242.2
232.087
-4.75511
0
232.428
0
43012003
729
1
242
220
宁夏.利通站/220kV.220kVII母线
#
255
宁夏.利通站.宁夏.利通站/220kV.220kVI母线
242
宁夏.利通站.242.2
232.087
-4.75511
0
232.235
0
43012004
729
1
242
220
宁夏.利通站/220kV.220kVI母线
#
256
宁夏.利通站.宁夏.利通站/110kV.110kVII母线
121
宁夏.利通站.121.2
0
0
1
0
0
43008001
732
-591
117.17
106.7
宁夏.利通站/110kV.110kVII母线
#
257
宁夏.利通站.宁夏.利通站/110kV.110kVI母线
121
宁夏.利通站.121.2
0
0
1
0
0
43008002
732
-591
117.17
106.7
宁夏.利通站/110kV.110kVI母线
#
258
宁夏.青铜峡变.宁夏.青铜峡变/330kV.330kVI母
363
宁夏.青铜峡变.363.2
351.39
-1.4697
0
351.516
0
57014131
742
1
363
330
宁夏.青铜峡变/330kV.330kVI母
#
259
宁夏.青铜峡变.宁夏.青铜峡变/330kV.330kVII母
363
宁夏.青铜峡变.363.2
351.39
-1.4697
0
351.582
0
57014132
742
1
363
330
宁夏.青铜峡变/330kV.330kVII母
#
260
宁夏.青铜峡变.宁夏.青铜峡变/220kV.220kVII母线
242
宁夏.青铜峡变.242.2
232.49
-3.48866
0
232.496
0
57012001
744
1
242
220
宁夏.青铜峡变/220kV.220kVII母线
#
261
宁夏.青铜峡变.宁夏.青铜峡变/220kV.220kVI母线
242
宁夏.青铜峡变.242.2
232.49
-3.48866
0
232.43
0
57012002
744
1
242
220
宁夏.青铜峡变/220kV.220kVI母线
#
262
宁夏.青铜峡变.宁夏.青铜峡变/110kV.110kVII母线
121
宁夏.青铜峡变.121.2
0
0
1
0
0
57008003
750
-607
117.17
106.7
宁夏.青铜峡变/110kV.110kVII母线
#
263
宁夏.青铜峡变.宁夏.青铜峡变/110kV.110kVI母线
121
宁夏.青铜峡变.121.2
0
0
1
0
0
57008004
750
-607
117.17
106.7
宁夏.青铜峡变/110kV.110kVI母线
#
264
宁夏.青铜峡变.宁夏.青铜峡变/10kV.10kVII母线
10
宁夏.青铜峡变.10.2
0
0
1
0
0
57007005
756
-613
10.7
10
宁夏.青铜峡变/10kV.10kVII母线
#
265
宁夏.青铜峡变.宁夏.青铜峡变/10kV.10kVI母线
10
宁夏.青铜峡变.10.3
0
0
1
0
0
57007006
1197
-617
10.7
10
宁夏.青铜峡变/10kV.10kVI母线
#
266
宁夏.青铜峡变.宁夏.青铜峡变/10kV.10kVIII母线
10
宁夏.青铜峡变.10.1
0
0
1
0
0
57007007
0
0
10.7
10
宁夏.青铜峡变/10kV.10kVIII母线
#
267
宁夏.青铜峡电厂.宁夏.青铜峡电厂/110kV.110kVIV母线1
121
宁夏.青铜峡电厂.121.2
0
0
1
0
0
58008001
763
-621
117.17
106.7
宁夏.青铜峡电厂/110kV.110kVIV母线1
#
268
宁夏.青铜峡电厂.宁夏.青铜峡电厂/110kV.110kVI母线1
121
宁夏.青铜峡电厂.121.2
0
0
1
0
0
58008002
763
-621
117.17
106.7
宁夏.青铜峡电厂/110kV.110kVI母线1
#
269
宁夏.青铜峡电厂.宁夏.青铜峡电厂/110kV.110kVII母线1
121
宁夏.青铜峡电厂.121.2
0
0
1
0
0
58008008
763
-621
117.17
106.7
宁夏.青铜峡电厂/110kV.110kVII母线1
#
270
宁夏.青铜峡电厂.宁夏.青铜峡电厂/10kV.10kVVI母线1
10
宁夏.青铜峡电厂.10.2
0
0
1
0
0
58007003
771
-629
10.7
10
宁夏.青铜峡电厂/10kV.10kVVI母线1
#
271
宁夏.青铜峡电厂.宁夏.青铜峡电厂/10kV.10kVV母线1
10
宁夏.青铜峡电厂.10.3
0
0
1
0
0
58007004
772
-630
10.7
10
宁夏.青铜峡电厂/10kV.10kVV母线1
#
272
宁夏.青铜峡电厂.宁夏.青铜峡电厂/10kV.10kVIV母线1
10
宁夏.青铜峡电厂.10.4
0
0
1
0
0
58007005
773
-631
10.7
10
宁夏.青铜峡电厂/10kV.10kVIV母线1
#
273
宁夏.青铜峡电厂.宁夏.青铜峡电厂/10kV.10kVII母线1
10
宁夏.青铜峡电厂.10.1
0
0
1
0
0
58007006
0
0
10.7
10
宁夏.青铜峡电厂/10kV.10kVII母线1
#
274
宁夏.青铜峡电厂.宁夏.青铜峡电厂/10kV.10kVVII母线1
10
宁夏.青铜峡电厂.10.1
0
0
1
0
0
58007007
0
0
10.7
10
宁夏.青铜峡电厂/10kV.10kVVII母线1
#
275
宁夏.小坝站.宁夏.小坝站/220kV.220kVIV母线
242
宁夏.小坝站.242.2
231.585
-3.19984
0
0
0
83012040
778
1
242
220
宁夏.小坝站/220kV.220kVIV母线
#
276
宁夏.小坝站.宁夏.小坝站/220kV.220kVII母线
242
宁夏.小坝站.242.2
231.585
-3.19984
0
232.63
0
83012041
778
1
242
220
宁夏.小坝站/220kV.220kVII母线
#
277
宁夏.小坝站.宁夏.小坝站/220kV.220kVI母线
242
宁夏.小坝站.242.2
231.585
-3.19984
0
232.477
0
83012042
778
1
242
220
宁夏.小坝站/220kV.220kVI母线
#
278
宁夏.小坝站.宁夏.小坝站/110kV.110kVII母线
121
宁夏.小坝站.121.2
0
0
1
0
0
83008001
781
-638
117.17
106.7
宁夏.小坝站/110kV.110kVII母线
#
279
宁夏.小坝站.宁夏.小坝站/110kV.110kVI母线
121
宁夏.小坝站.121.2
0
0
1
0
0
83008002
781
-638
117.17
106.7
宁夏.小坝站/110kV.110kVI母线
#
280
宁夏.罗山变.宁夏.罗山变/330kV.330kVII母
363
宁夏.罗山变.363.2
351.981
1.97331
0
353.315
0
119014001
791
1
363
330
宁夏.罗山变/330kV.330kVII母
#
281
宁夏.罗山变.宁夏.罗山变/330kV.330kVI母
363
宁夏.罗山变.363.2
351.981
1.97331
0
352.394
0
119014002
791
1
363
330
宁夏.罗山变/330kV.330kVI母
#
282
宁夏.罗山变.宁夏.罗山变/110kV.110kVIA母线
121
宁夏.罗山变.121.2
113.837
4.33344
0
113.175
0
119008039
793
1
117.17
106.7
宁夏.罗山变/110kV.110kVIA母线
#
283
宁夏.罗山变.宁夏.罗山变/110kV.110kVII母线
121
宁夏.罗山变.121.2
113.837
4.33344
0
113.34
0
119008040
793
1
117.17
106.7
宁夏.罗山变/110kV.110kVII母线
#
284
宁夏.罗山变.宁夏.罗山变/110kV.110kVIB母线
121
宁夏.罗山变.121.2
113.837
4.33344
0
113.509
0
119008041
793
1
117.17
106.7
宁夏.罗山变/110kV.110kVIB母线
#
285
宁夏.罗山变.宁夏.罗山变/35kV.35kVI母线
38
宁夏.罗山变.38.2
35.3948
6.87588
0
34.3397
0
119015042
843
1
37.45
33.95
宁夏.罗山变/35kV.35kVI母线
#
286
宁夏.罗山变.宁夏.罗山变/35kV.35kVII母线
38
宁夏.罗山变.38.3
35.6553
6.24346
0
34.9969
0
119015043
844
1
37.45
33.95
宁夏.罗山变/35kV.35kVII母线
#
287
宁夏.新梁变.宁夏.新梁变/220kV.220kVII母线
242
宁夏.新梁变.242.2
232.796
-3.7742
0
233.13
0
122012001
851
1
242
220
宁夏.新梁变/220kV.220kVII母线
#
288
宁夏.新梁变.宁夏.新梁变/220kV.220kVI母线
242
宁夏.新梁变.242.2
232.796
-3.7742
0
233.25
0
122012002
851
1
242
220
宁夏.新梁变/220kV.220kVI母线
#
289
宁夏.新梁变.宁夏.新梁变/110kV.110kVII母线
121
宁夏.新梁变.121.2
0
0
1
0
0
122008032
854
-701
0
0
宁夏.新梁变/110kV.110kVII母线
#
290
宁夏.新梁变.宁夏.新梁变/110kV.110kVI母线
121
宁夏.新梁变.121.2
0
0
1
0
0
122008033
854
-701
0
0
宁夏.新梁变/110kV.110kVI母线
#
291
宁夏.五里坡站.宁夏.五里坡站/220kV.220kVIV母线
242
宁夏.五里坡站.242.1
0
0
1
0
0
128012004
0
0
242
220
宁夏.五里坡站/220kV.220kVIV母线
#
292
宁夏.五里坡站.宁夏.五里坡站/220kV.220kVII母线
242
宁夏.五里坡站.242.2
232.38
-3.98155
0
231.784
0
128012005
867
1
242
220
宁夏.五里坡站/220kV.220kVII母线
#
293
宁夏.五里坡站.宁夏.五里坡站/220kV.220kVI母线
242
宁夏.五里坡站.242.2
232.38
-3.98155
0
232.106
0
128012006
867
1
242
220
宁夏.五里坡站/220kV.220kVI母线
#
294
宁夏.五里坡站.宁夏.五里坡站/110kV.110kVII母线
121
宁夏.五里坡站.121.2
0
0
1
0
0
128008002
870
-716
121
110
宁夏.五里坡站/110kV.110kVII母线
#
295
宁夏.五里坡站.宁夏.五里坡站/110kV.110kVI母线
121
宁夏.五里坡站.121.2
0
0
1
0
0
128008003
870
-716
121
110
宁夏.五里坡站/110kV.110kVI母线
#
296
宁夏.牛首山变.宁夏.牛首山变/330kV.330kVI母
363
宁夏.牛首山变.363.1
352.557
-0.961488
0
352.077
0
183014001
877
1
363
330
宁夏.牛首山变/330kV.330kVI母
#
297
宁夏.牛首山变.宁夏.牛首山变/110kV.110kVI母线
121
宁夏.牛首山变.121.1
116.546
-0.297029
0
116.578
0
183008026
878
1
117.17
106.7
宁夏.牛首山变/110kV.110kVI母线
#
298
宁夏.牛首山变.宁夏.牛首山变/110kV.110kVII母线
121
宁夏.牛首山变.121.2
115.112
-0.775016
0
114.972
0
183008027
879
1
117.17
106.7
宁夏.牛首山变/110kV.110kVII母线
#
299
宁夏.牛首山变.宁夏.牛首山变/110kV.110kVV母线
121
宁夏.牛首山变.121.3
116.199
-0.384633
0
116.644
0
183008028
880
1
117.17
106.7
宁夏.牛首山变/110kV.110kVV母线
#
300
宁夏.牛首山变.宁夏.牛首山变/35kV.35kVI母线
38
宁夏.牛首山变.38.1
37.0824
-0.219534
0
33.81
0
183015002
1228
1
37.45
33.95
宁夏.牛首山变/35kV.35kVI母线
#
301
宁夏.牛首山变.宁夏.牛首山变/35kV.35kVII母线
38
宁夏.牛首山变.38.2
36.6255
-0.758509
0
33.306
0
183015003
1229
1
37.45
33.95
宁夏.牛首山变/35kV.35kVII母线
#
302
宁夏.牛首山变.宁夏.牛首山变/35kV.35kvV母线
38
宁夏.牛首山变.38.3
33.6015
-0.326924
0
0
0
183015004
1230
1
37.45
33.95
宁夏.牛首山变/35kV.35kvV母线
#
303
宁夏.星能变.宁夏.星能变/330kV.330kV母
363
宁夏.星能变.363.1
352.351
2.12451
0
349.922
0
190014001
887
1
363
330
宁夏.星能变/330kV.330kV母
#
304
宁夏.星能变.宁夏.星能变/110kV.110kVI母线
121
宁夏.星能变.121.2
115.564
3.27049
0
115.603
0
190008004
888
1
0
0
宁夏.星能变/110kV.110kVI母线
#
305
宁夏.星能变.宁夏.星能变/110kV.110kVII母线
121
宁夏.星能变.121.3
114.935
2.55838
0
115.627
0
190008005
889
1
0
0
宁夏.星能变/110kV.110kVII母线
#
306
宁夏.星能变.宁夏.星能变/35kV.35kVII母线
38
宁夏.星能变.38.1
36.0839
2.58456
0
33.278
0
190015002
908
1
0
0
宁夏.星能变/35kV.35kVII母线
#
307
宁夏.星能变.宁夏.星能变/35kV.35kVI母线
38
宁夏.星能变.38.2
36.4764
3.37533
0
33.7723
0
190015003
909
1
0
0
宁夏.星能变/35kV.35kVI母线
#
308
宁夏.星能四风.宁夏.星能四风/110kV.110kVI母
121
宁夏.星能四风.121.2
0
0
1
0
0
215008001
912
-744
0
0
宁夏.星能四风/110kV.110kVI母
#
309
宁夏.星能四风.宁夏.星能四风/35kV.35kVI母
38
宁夏.星能四风.38.1
0
0
1
0
0
215015002
0
0
0
0
宁夏.星能四风/35kV.35kVI母
#
310
宁夏.白塔水站.宁夏.白塔水站/220kV.220kVI母线
242
宁夏.白塔水站.242.1
232.904
-3.33514
0
233.961
0
403012002
915
1
242
220
宁夏.白塔水站/220kV.220kVI母线
#
311
宁夏.普华站.宁夏.普华站/220kV.220kVI母线
242
宁夏.普华站.242.1
0
0
1
0
0
435012002
0
0
242
220
宁夏.普华站/220kV.220kVI母线
#
312
宁夏.普华站.宁夏.普华站/35kV.35kV母线
38
宁夏.普华站.38.1
0
0
1
0
0
435015001
0
0
0
0
宁夏.普华站/35kV.35kV母线
#
313
宁夏.启明变.宁夏.启明变/330kV.330kVIV母
363
宁夏.启明变.363.2
356.101
-3.22672
0
356.219
0
577014001
920
1
0
0
宁夏.启明变/330kV.330kVIV母
#
314
宁夏.启明变.宁夏.启明变/330kV.330kVIII母
363
宁夏.启明变.363.2
356.101
-3.22672
0
356.188
0
577014002
920
1
0
0
宁夏.启明变/330kV.330kVIII母
#
315
宁夏.启明变.宁夏.启明变/330kV.330kVII母
363
宁夏.启明变.363.2
356.101
-3.22672
0
356.141
0
577014003
920
1
0
0
宁夏.启明变/330kV.330kVII母
#
316
宁夏.启明变.宁夏.启明变/330kV.330kVI母
363
宁夏.启明变.363.2
356.101
-3.22672
0
356.203
0
577014004
920
1
0
0
宁夏.启明变/330kV.330kVI母
#
317
宁夏.启明变.宁夏.启明变/110kV.110kVIIA母
121
宁夏.启明变.121.2
116.333
-3.20611
0
116.449
0
577008038
921
1
0
0
宁夏.启明变/110kV.110kVIIA母
#
318
宁夏.启明变.宁夏.启明变/110kV.110kVIA母
121
宁夏.启明变.121.2
116.333
-3.20611
0
116.465
0
577008039
921
1
0
0
宁夏.启明变/110kV.110kVIA母
#
319
宁夏.启明变.宁夏.启明变/110kV.110kVIIB母
121
宁夏.启明变.121.2
116.333
-3.20611
0
116.469
0
577008042
921
1
0
0
宁夏.启明变/110kV.110kVIIB母
#
320
宁夏.启明变.宁夏.启明变/110kV.110kVIB母
121
宁夏.启明变.121.2
116.333
-3.20611
0
116.453
0
577008043
921
1
0
0
宁夏.启明变/110kV.110kVIB母
#
321
宁夏.启明变.宁夏.启明变/35kV.35kVI母
38
宁夏.启明变.38.2
33.6538
-3.204
0
33.7258
0
577015040
1231
1
0
0
宁夏.启明变/35kV.35kVI母
#
322
宁夏.启明变.宁夏.启明变/35kV.35kVII母
38
宁夏.启明变.38.3
33.6539
-3.20397
0
33.7388
0
577015041
1232
1
0
0
宁夏.启明变/35kV.35kVII母
#
323
宁夏.恩和站.宁夏.恩和站/220kV.220kVI母线
242
宁夏.恩和站.242.2
232.247
-3.85687
0
232.815
0
23012004
927
1
242
220
宁夏.恩和站/220kV.220kVI母线
#
324
宁夏.恩和站.宁夏.恩和站/220kV.220kVII母线
242
宁夏.恩和站.242.2
232.247
-3.85687
0
231.784
0
23012006
927
1
242
220
宁夏.恩和站/220kV.220kVII母线
#
325
宁夏.恩和站.宁夏.恩和站/110kV.110kVIV母线
121
宁夏.恩和站.121.1
0
0
1
0
0
23008001
0
0
117.17
106.7
宁夏.恩和站/110kV.110kVIV母线
#
326
宁夏.恩和站.宁夏.恩和站/110kV.110kVII母线
121
宁夏.恩和站.121.2
0
0
1
0
0
23008002
930
-756
117.17
106.7
宁夏.恩和站/110kV.110kVII母线
#
327
宁夏.恩和站.宁夏.恩和站/110kV.110kVI母线
121
宁夏.恩和站.121.2
0
0
1
0
0
23008003
930
-756
117.17
106.7
宁夏.恩和站/110kV.110kVI母线
#
328
宁夏.关帝站.宁夏.关帝站/220kV.220kVIV母线
242
宁夏.关帝站.242.1
0
0
1
0
0
34012004
0
0
242
220
宁夏.关帝站/220kV.220kVIV母线
#
329
宁夏.关帝站.宁夏.关帝站/220kV.220kVII母线
242
宁夏.关帝站.242.2
229.604
-2.49306
0
232.13
0
34012005
936
1
242
220
宁夏.关帝站/220kV.220kVII母线
#
330
宁夏.关帝站.宁夏.关帝站/220kV.220kVI母线
242
宁夏.关帝站.242.2
229.604
-2.49306
0
231.921
0
34012006
936
1
242
220
宁夏.关帝站/220kV.220kVI母线
#
331
宁夏.关帝站.宁夏.关帝站/110kV.110kVIV母线
121
宁夏.关帝站.121.1
0
0
1
0
0
34008001
0
0
117.17
106.7
宁夏.关帝站/110kV.110kVIV母线
#
332
宁夏.关帝站.宁夏.关帝站/110kV.110kVII母线
121
宁夏.关帝站.121.2
0
0
1
0
0
34008002
939
-765
117.17
106.7
宁夏.关帝站/110kV.110kVII母线
#
333
宁夏.关帝站.宁夏.关帝站/110kV.110kVI母线
121
宁夏.关帝站.121.2
0
0
1
0
0
34008003
939
-765
117.17
106.7
宁夏.关帝站/110kV.110kVI母线
#
334
宁夏.宁安变.宁夏.宁安变/330kV.330kVII母
363
宁夏.宁安变.363.2
352.736
-2.06757
0
353.65
0
54014107
946
1
363
330
宁夏.宁安变/330kV.330kVII母
#
335
宁夏.宁安变.宁夏.宁安变/330kV.330kVI母
363
宁夏.宁安变.363.2
352.736
-2.06757
0
354.655
0
54014108
946
1
363
330
宁夏.宁安变/330kV.330kVI母
#
336
宁夏.宁安变.宁夏.宁安变/110kV.110kVI母线
121
宁夏.宁安变.121.2
114.402
-3.2965
0
114.331
0
54008001
948
1
117.17
106.7
宁夏.宁安变/110kV.110kVI母线
#
337
宁夏.宁安变.宁夏.宁安变/110kV.110kVII母线
121
宁夏.宁安变.121.2
114.402
-3.2965
0
114.299
0
54008002
948
1
117.17
106.7
宁夏.宁安变/110kV.110kVII母线
#
338
宁夏.宁安变.宁夏.宁安变/110kV.110kVV母线
121
宁夏.宁安变.121.2
114.402
-3.2965
0
114.299
0
54008005
948
1
117.17
106.7
宁夏.宁安变/110kV.110kVV母线
#
339
宁夏.宁安变.宁夏.宁安变/35kV.35kVII母线
38
宁夏.宁安变.38.2
33.013
-3.41475
0
33.0346
0
54015003
949
1
37.45
33.95
宁夏.宁安变/35kV.35kVII母线
#
340
宁夏.宁安变.宁夏.宁安变/35kV.35kVI母线
38
宁夏.宁安变.38.3
33.0211
-3.34224
0
33.25
0
54015004
950
1
37.45
33.95
宁夏.宁安变/35kV.35kVI母线
#
341
宁夏.沙坡头电厂.宁夏.沙坡头电厂/110kV.110kVII母线
121
宁夏.沙坡头电厂.121.2
114.383
2.45126
0
113.803
0
60008001
976
1
117.17
106.7
宁夏.沙坡头电厂/110kV.110kVII母线
#
342
宁夏.沙坡头电厂.宁夏.沙坡头电厂/110kV.110kVI母线
121
宁夏.沙坡头电厂.121.2
114.383
2.45126
0
114.304
0
60008002
976
1
117.17
106.7
宁夏.沙坡头电厂/110kV.110kVI母线
#
343
宁夏.沙坡头电厂.宁夏.沙坡头电厂/10kV.10kVI母线
10
宁夏.沙坡头电厂.10.2
10.0222
4.43051
0
0
0
60007003
980
1
10.7
10
宁夏.沙坡头电厂/10kV.10kVI母线
#
344
宁夏.沙坡头电厂.宁夏.沙坡头电厂/10kV.10kVII母线
10
宁夏.沙坡头电厂.10.3
10.0732
6.64498
0
0
0
60007004
981
1
10.7
10
宁夏.沙坡头电厂/10kV.10kVII母线
#
345
宁夏.沙坡头电厂.宁夏.沙坡头电厂/6kV.6kVIII母线
6
宁夏.沙坡头电厂.6.2
6.01154
3.19001
0
0
0
60017005
982
1
6.42
5.82
宁夏.沙坡头电厂/6kV.6kVIII母线
#
346
宁夏.中宁二电厂.宁夏.中宁二电厂/220kV.220kVII母线
242
宁夏.中宁二电厂.242.2
229.98
-2.3171
0
231.293
0
98012001
983
1
242
220
宁夏.中宁二电厂/220kV.220kVII母线
#
347
宁夏.中宁二电厂.宁夏.中宁二电厂/220kV.220kVI母线
242
宁夏.中宁二电厂.242.2
229.98
-2.3171
0
231.862
0
98012002
983
1
242
220
宁夏.中宁二电厂/220kV.220kVI母线
#
348
宁夏.中卫变.宁夏.中卫变/330kV.330kVII母
363
宁夏.中卫变.363.2
349.709
-2.66707
0
348.577
0
99014081
992
1
363
330
宁夏.中卫变/330kV.330kVII母
#
349
宁夏.中卫变.宁夏.中卫变/330kV.330kVI母
363
宁夏.中卫变.363.2
349.709
-2.66707
0
348.577
0
99014082
992
1
363
330
宁夏.中卫变/330kV.330kVI母
#
350
宁夏.中卫变.宁夏.中卫变/110kV.110kVI母线
121
宁夏.中卫变.121.1
113.778
-2.31523
0
113.815
0
99008001
994
1
117.17
106.7
宁夏.中卫变/110kV.110kVI母线
#
351
宁夏.中卫变.宁夏.中卫变/110kV.110kVII母线
121
宁夏.中卫变.121.1
113.778
-2.31523
0
113.88
0
99008002
994
1
117.17
106.7
宁夏.中卫变/110kV.110kVII母线
#
352
宁夏.中卫变.宁夏.中卫变/110kV.110kVV母线
121
宁夏.中卫变.121.1
113.778
-2.31523
0
113.686
0
99008003
994
1
117.17
106.7
宁夏.中卫变/110kV.110kV
V母线
#
353
宁夏.中卫变.宁夏.中卫变/35kV.35kVI母线
38
宁夏.中卫变.38.1
0
0
1
0
0
99015083
0
0
37.45
33.95
宁夏.中卫变/35kV.35kVI母线
#
354
宁夏.中卫变.宁夏.中卫变/35kV.35kVII母线
38
宁夏.中卫变.38.2
35.5959
-2.25316
0
31.8756
0
99015084
995
1
37.45
33.95
宁夏.中卫变/35kV.35kVII母线
#
355
宁夏.中卫变.宁夏.中卫变/35kV.35kVV母线
38
宁夏.中卫变.38.4
32.8646
-2.29559
0
32.8397
0
99015085
1236
1
117.17
106.7
宁夏.中卫变/35kV.35kV
V母线
#
356
宁夏.枣园变.宁夏.枣园变/330kV.330kVII母
363
宁夏.枣园变.363.2
349.197
-3.08133
0
348.187
0
109014001
1019
1
363
330
宁夏.枣园变/330kV.330kVII母
#
357
宁夏.枣园变.宁夏.枣园变/330kV.330kVI母
363
宁夏.枣园变.363.2
349.197
-3.08133
0
348.145
0
109014002
1019
1
363
330
宁夏.枣园变/330kV.330kVI母
#
358
宁夏.枣园变.宁夏.枣园变/220kV.220kVII母线
242
宁夏.枣园变.242.2
229.943
-2.36322
0
232.098
0
109012151
1020
1
242
220
宁夏.枣园变/220kV.220kVII母线
#
359
宁夏.枣园变.宁夏.枣园变/220kV.220kVI母线
242
宁夏.枣园变.242.2
229.943
-2.36322
0
231.985
0
109012152
1020
1
242
220
宁夏.枣园变/220kV.220kVI母线
#
360
宁夏.枣园变.宁夏.枣园变/110kV.110kVII母线
121
宁夏.枣园变.121.2
115.659
-4.15224
0
115.112
0
109008083
1023
1
117.17
106.7
宁夏.枣园变/110kV.110kVII母线
#
361
宁夏.枣园变.宁夏.枣园变/110kV.110kVI母线
121
宁夏.枣园变.121.2
115.659
-4.15224
0
114.983
0
109008084
1023
1
117.17
106.7
宁夏.枣园变/110kV.110kVI母线
#
362
宁夏.枣园变.宁夏.枣园变/110kV.110kVV母线
121
宁夏.枣园变.121.2
115.659
-4.15224
0
115.338
0
109008085
1023
1
117.17
106.7
宁夏.枣园变/110kV.110kVV母线
#
363
宁夏.枣园变.宁夏.枣园变/35kV.35kVII母线
38
宁夏.枣园变.38.2
36.779
-4.29671
0
36.8049
0
109015003
1062
1
37.45
33.95
宁夏.枣园变/35kV.35kVII母线
#
364
宁夏.枣园变.宁夏.枣园变/35kV.35kVI母线
38
宁夏.枣园变.38.3
36.781
-4.29746
0
36.7216
0
109015004
1063
1
37.45
33.95
宁夏.枣园变/35kV.35kVI母线
#
365
宁夏.枣园变.宁夏.枣园变/35kV.35kVV母线
38
宁夏.枣园变.38.1
0
0
1
0
0
109015005
0
0
37.45
33.95
宁夏.枣园变/35kV.35kVV母线
#
366
宁夏.迎水桥变.宁夏.迎水桥变/330kV.330kVI母
363
宁夏.迎水桥变.363.1
350.806
-2.41982
0
350.263
0
134014001
1087
1
363
330
宁夏.迎水桥变/330kV.330kVI母
#
367
宁夏.迎水桥变.宁夏.迎水桥变/330kV.330kVII母
363
宁夏.迎水桥变.363.1
350.806
-2.41982
0
350.451
0
134014002
1087
1
363
330
宁夏.迎水桥变/330kV.330kVII母
#
368
宁夏.迎水桥变.宁夏.迎水桥变/110kV.110kVIV母线
121
宁夏.迎水桥变.121.1
0
0
1
0
0
134008041
0
0
121
110
宁夏.迎水桥变/110kV.110kVIV母线
#
369
宁夏.迎水桥变.宁夏.迎水桥变/110kV.110kVII母线
121
宁夏.迎水桥变.121.2
113.849
1.82898
0
113.368
0
134008042
1088
1
121
110
宁夏.迎水桥变/110kV.110kVII母线
#
370
宁夏.迎水桥变.宁夏.迎水桥变/110kV.110kVI母线
121
宁夏.迎水桥变.121.2
113.849
1.82898
0
113.072
0
134008043
1088
1
121
110
宁夏.迎水桥变/110kV.110kVI母线
#
371
宁夏.锦铝变.宁夏.锦铝变/330kV.330kVI母
363
宁夏.锦铝变.363.1
348.629
-3.32523
0
349
0
136014001
1099
1
363
330
宁夏.锦铝变/330kV.330kVI母
#
372
宁夏.锦铝变.宁夏.锦铝变/330kV.330kVII母
363
宁夏.锦铝变.363.1
348.629
-3.32523
0
349
0
136014002
1099
1
363
330
宁夏.锦铝变/330kV.330kVII母
#
373
宁夏.青铝自备电厂.宁夏.青铝自备电厂/220kV.220kVII母线
242
宁夏.青铝自备电厂.242.2
231.742
-3.088
0
232.251
0
161012001
1100
1
242
220
宁夏.青铝自备电厂/220kV.220kVII母线
#
374
宁夏.青铝自备电厂.宁夏.青铝自备电厂/220kV.220kVI母线
242
宁夏.青铝自备电厂.242.3
231.791
-3.08692
0
232.171
0
161012002
1101
1
242
220
宁夏.青铝自备电厂/220kV.220kVI母线
#
375
宁夏.香山变.宁夏.香山变/330kV.330kVI母
363
宁夏.香山变.363.2
351.8
-2.25498
0
351.299
0
172014034
1106
1
363
330
宁夏.香山变/330kV.330kVI母
#
376
宁夏.香山变.宁夏.香山变/110kV.110kVI母线
121
宁夏.香山变.121.2
114.666
-1.57531
0
114.649
0
172008001
1108
1
0
0
宁夏.香山变/110kV.110kVI母线
#
377
宁夏.香山变.宁夏.香山变/110kV.110kVII母线
121
宁夏.香山变.121.3
114.958
-2.23027
0
115.156
0
172008002
1109
1
0
0
宁夏.香山变/110kV.110kV
II母线
#
378
宁夏.香山变.宁夏.香山变/35kV.35kVII母线
38
宁夏.香山变.38.3
36.4753
-2.24717
0
36.5255
0
172015035
1126
1
0
0
宁夏.香山变/35kV.35kVII母线
#
379
宁夏.香山变.宁夏.香山变/35kV.35kVI母线
38
宁夏.香山变.38.1
36.4293
-1.51649
0
0
0
172015036
1124
1
0
0
宁夏.香山变/35kV.35kVI母线
#
380
宁夏.凯歌变.宁夏.凯歌变/330kV.330kVII母
363
宁夏.凯歌变.363.1
348.46
-3.26122
0
347.734
0
408014001
1129
1
363
330
宁夏.凯歌变/330kV.330kVII母
#
381
宁夏.凯歌变.宁夏.凯歌变/330kV.330kVI母
363
宁夏.凯歌变.363.1
348.46
-3.26122
0
347.468
0
408014002
1129
1
363
330
宁夏.凯歌变/330kV.330kVI母
#
382
宁夏.凯歌变.宁夏.凯歌变/330kV.330kVIV母
363
宁夏.凯歌变.363.1
348.46
-3.26122
0
0
0
408014003
1129
1
363
330
宁夏.凯歌变/330kV.330kVIV母
#
383
宁夏.凯歌变.宁夏.凯歌变/330kV.330kVIII母
363
宁夏.凯歌变.363.1
348.46
-3.26122
0
0
0
408014004
1129
1
363
330
宁夏.凯歌变/330kV.330kVIII母
#
384
宁夏.凯歌变.宁夏.凯歌变/110kV.110kVII母
121
宁夏.凯歌变.121.1
113.535
-7.04994
0
113.171
0
408008031
1130
1
0
0
宁夏.凯歌变/110kV.110kVII母
#
385
宁夏.凯歌变.宁夏.凯歌变/110kV.110kVI母
121
宁夏.凯歌变.121.2
114.711
-7.36534
0
114.834
0
408008032
1199
1
0
0
宁夏.凯歌变/110kV.110kVI母
#
386
宁夏.凯歌变.宁夏.凯歌变/35kV.35kVII母
38
宁夏.凯歌变.38.2
36.0816
-7.44006
0
32.7192
0
408015033
1237
1
0
0
宁夏.凯歌变/35kV.35kVII母
#
387
宁夏.凯歌变.宁夏.凯歌变/35kV.35kVI母
38
宁夏.凯歌变.38.3
36.4886
-7.78336
0
33.1153
0
408015034
1238
1
0
0
宁夏.凯歌变/35kV.35kVI母
#
388
宁夏.穆和变.宁夏.穆和变/330kV.330kVII母线
363
宁夏.穆和变.363.2
352.3
-2.22266
0
352.676
0
536014079
1145
1
363
330
宁夏.穆和变/330kV.330kVII母线
#
389
宁夏.穆和变.宁夏.穆和变/330kV.330kVI母线
363
宁夏.穆和变.363.2
352.3
-2.22266
0
352.726
0
536014080
1145
1
363
330
宁夏.穆和变/330kV.330kVI母线
#
390
宁夏.穆和变.宁夏.穆和变/330kV.330kVIV母线
363
宁夏.穆和变.363.2
352.3
-2.22266
0
352.633
0
536014081
1145
1
363
330
宁夏.穆和变/330kV.330kVIV母线
#
391
宁夏.穆和变.宁夏.穆和变/330kV.330kVIII母线
363
宁夏.穆和变.363.2
352.3
-2.22266
0
352.654
0
536014082
1145
1
363
330
宁夏.穆和变/330kV.330kVIII母线
#
392
宁夏.穆和变.宁夏.穆和变/110kV.110kVII母线
121
宁夏.穆和变.121.2
0
0
1
0
0
536008001
1150
-921
0
0
宁夏.穆和变/110kV.110kVII母线
#
393
宁夏.穆和变.宁夏.穆和变/110kV.110kVI母线
121
宁夏.穆和变.121.2
0
0
1
0
0
536008002
1150
-921
0
0
宁夏.穆和变/110kV.110kVI母线
#
394
宁夏.穆和变.宁夏.穆和变/110kV.110kVIII母线
121
宁夏.穆和变.121.2
0
0
1
0
0
536008003
1150
-921
0
0
宁夏.穆和变/110kV.110kVIII母线
#
395
宁夏.穆和变.宁夏.穆和变/110kV.110kVIV母线
121
宁夏.穆和变.121.2
0
0
1
0
0
536008006
1150
-921
0
0
宁夏.穆和变/110kV.110kVIV母线
#
396
宁夏.穆和变.宁夏.穆和变/35kV.35kVII母线
38
宁夏.穆和变.38.2
0
0
1
0
0
536015004
1153
-924
0
0
宁夏.穆和变/35kV.35kVII母线
#
397
宁夏.穆和变.宁夏.穆和变/35kV.35kVIII母线
38
宁夏.穆和变.38.3
0
0
1
0
0
536015005
1154
-925
0
0
宁夏.穆和变/35kV.35kVIII母线
#
398
宁夏.穆和变.宁夏.穆和变/10kV.10kV母线
10
宁夏.穆和变.10.1
0
0
1
0
0
536007007
0
0
0
0
宁夏.穆和变/10kV.10kV母线
#
399
宁夏.贺兰山变.宁夏.贺兰山变/750kV.750kVII母
800
宁夏.贺兰山变.800.2
776.811
-1.03961
0
776.155
0
113018001
1164
1
800
750
宁夏.贺兰山变/750kV.750kVII母
#
400
宁夏.贺兰山变.宁夏.贺兰山变/750kV.750kVI母
800
宁夏.贺兰山变.800.2
776.811
-1.03961
0
775.091
0
113018002
1164
1
800
750
宁夏.贺兰山变/750kV.750kVI母
#
401
宁夏.贺兰山变.宁夏.贺兰山变/220kV.220kVI母线
242
宁夏.贺兰山变.242.2
232.976
-3.76261
0
232.05
0
113012026
1166
1
242
220
宁夏.贺兰山变/220kV.220kVI母线
#
402
宁夏.贺兰山变.宁夏.贺兰山变/220kV.220kVII母线
242
宁夏.贺兰山变.242.2
232.976
-3.76261
0
232.025
0
113012027
1166
1
242
220
宁夏.贺兰山变/220kV.220kVII母线
#
403
宁夏.贺兰山变.宁夏.贺兰山变/220kV.220kVIIB母线
242
宁夏.贺兰山变.242.2
232.976
-3.76261
0
232.025
0
113012029
1166
1
242
220
宁夏.贺兰山变/220kV.220kVIIB母线
#
404
宁夏.贺兰山变.宁夏.贺兰山变/220kV.220kVIB母线
242
宁夏.贺兰山变.242.2
232.976
-3.76261
0
232.05
0
113012030
1166
1
242
220
宁夏.贺兰山变/220kV.220kVIB母线
#
405
宁夏.贺兰山变.宁夏.贺兰山变/66kV.66kVI母线
66
宁夏.贺兰山变.66.2
63.7982
-3.91889
0
63.8596
0
113019028
1168
1
70.62
64.02
宁夏.贺兰山变/66kV.66kVI母线
#
406
宁夏.贺兰山变.宁夏.贺兰山变/66kV.66kVII母线
66
宁夏.贺兰山变.66.3
63.8066
-3.97392
0
63.7701
0
113019031
1239
1
70.62
64.02
宁夏.贺兰山变/66kV.66kVII母线
#
407
宁夏.黄河变.宁夏.黄河变/750kV.750kVI母
800
宁夏.黄河变.800.2
775.67
-0.14506
0
775.315
0
114018001
1172
1
800
750
宁夏.黄河变/750kV.750kVI母
#
408
宁夏.黄河变.宁夏.黄河变/750kV.750kVII母
800
宁夏.黄河变.800.2
775.67
-0.14506
0
776.099
0
114018002
1172
1
800
750
宁夏.黄河变/750kV.750kVII母
#
409
宁夏.黄河变.宁夏.黄河变/330kV.330kVII母
363
宁夏.黄河变.363.2
353.486
-1.02577
0
354.655
0
114014052
1175
1
363
330
宁夏.黄河变/330kV.330kVII母
#
410
宁夏.黄河变.宁夏.黄河变/330kV.330kVI母
363
宁夏.黄河变.363.2
353.486
-1.02577
0
354.822
0
114014053
1175
1
363
330
宁夏.黄河变/330kV.330kVI母
#
411
宁夏.黄河变.宁夏.黄河变/66kV.66kVI母线
66
宁夏.黄河变.66.1
61.7011
-1.13613
0
0
0
114019054
1178
1
70.62
64.02
宁夏.黄河变/66kV.66kVI母线
#
412
宁夏.黄河变.宁夏.黄河变/66kV.66kVI母B线
66
宁夏.黄河变.66.2
61.6142
-1.14237
0
61.7979
0
114019055
1179
1
70.62
64.02
宁夏.黄河变/66kV.66kVI母B线
#
413
宁夏.银川东换流站.宁夏.银川东换流站/750kV.750kVII母
800
宁夏.银川东换流站.800.2
774.81
0.895266
0
772.798
0
156018101
1182
1
800
750
宁夏.银川东换流站/750kV.750kVII母
#
414
宁夏.银川东换流站.宁夏.银川东换流站/750kV.750kVI母
800
宁夏.银川东换流站.800.2
774.81
0.895266
0
772.237
0
156018102
1182
1
800
750
宁夏.银川东换流站/750kV.750kVI母
#
415
宁夏.银川东换流站.宁夏.银川东换流站/330kV.330kVII母
363
宁夏.银川东换流站.363.2
353.74
-0.236652
0
352.659
0
156014001
1183
1
363
330
宁夏.银川东换流站/330kV.330kVII母
#
416
宁夏.银川东换流站.宁夏.银川东换流站/330kV.330kVI母
363
宁夏.银川东换流站.363.2
353.74
-0.236652
0
353.102
0
156014002
1183
1
363
330
宁夏.银川东换流站/330kV.330kVI母
#
417
宁夏.银川东换流站.宁夏.银川东换流站/66kV.66kVI母线
66
宁夏.银川东换流站.66.3
62.9264
-0.450891
0
0
0
156019138
1185
1
70.62
64.02
宁夏.银川东换流站/66kV.66kVI母线
#
418
宁夏.银川东换流站.宁夏.银川东换流站/66kV.66kVII母线
66
宁夏.银川东换流站.66.1
0
0
1
0
0
156019139
0
0
70.62
64.02
宁夏.银川东换流站/66kV.66kVII母线
#
419
宁夏.靖远变.宁夏.靖远变/330kV.330kV靖远等值母
363
宁夏.靖远变.363.1
0
0
1
0
0
42014001
1190
-945
363
330
宁夏.靖远变/330kV.330kV靖远等值母
#
420
宁夏.西峰变.宁夏.西峰变/330kV.330kV西锋等值母
363
宁夏.西峰变.363.1
0
0
1
0
0
80014001
1191
-946
363
330
宁夏.西峰变/330kV.330kV西锋等值母
#
421
宁夏.石城变.宁夏.石城变/330kV.330kV石城变等值机
363
宁夏.石城变.363.1
351.913
-4.49817
0
0
0
464014001
1192
1
363
330
宁夏.石城变/330kV.330kV石城变等值机
#
422
宁夏.白银变.宁夏.白银变/750kV.750kV白银等值母
800
宁夏.白银变.800.1
776.671
0
0
0
0
465018002
1193
1
800
750
宁夏.白银变/750kV.750kV白银等值母
#
423
宁夏.白银变.宁夏.白银变/330kV.330kV白银等值母
363
宁夏.白银变.363.1
352.648
-2.61684
0
0
0
465014001
1194
1
363
330
宁夏.白银变/330kV.330kV白银等值母
</Bus::nx>
